16.9374	12.6200
16.9374	12.6200
16.9374	12.6616
16.9374	12.6616
16.9374	12.6616
16.8959	12.7031
16.8959	12.7031
16.8959	12.7031
16.8959	12.7031
16.8959	12.7446
16.8959	12.7446
16.8959	12.7446
16.8544	12.7861
16.8544	12.7861
16.8544	12.7861
16.8544	12.7861
16.8544	12.8276
16.8544	12.8276
16.8129	12.8276
16.8129	12.8691
16.8129	12.8691
16.8129	12.8691
16.8129	12.9106
16.8129	12.9106
16.8129	12.9106
16.7714	12.9106
16.7714	12.9521
16.7714	12.9521
16.7714	12.9521
16.7714	12.9937
16.7714	12.9937
16.7299	12.9937
16.7299	12.9937
16.7299	13.0352
16.7299	13.0352
16.7299	13.0352
16.7299	13.0767
16.6883	13.0767
16.6883	13.0767
16.6883	13.0767
16.6883	13.1182
16.6883	13.1182
16.6883	13.1182
16.6468	13.1597
16.6468	13.1597
16.6468	13.1597
16.6468	13.1597
16.6468	13.2012
16.6053	13.2012
16.6053	13.2012
16.6053	13.2012
16.6053	13.2427
16.6053	13.2427
16.6053	13.2427
16.5638	13.2843
16.5638	13.2843
16.5638	13.2843
16.5638	13.2843
16.5638	13.3258
16.5223	13.3258
16.5223	13.3258
16.5223	13.3673
16.5223	13.3673
16.5223	13.3673
16.5223	13.3673
16.4808	13.4088
16.4808	13.4088
16.4808	13.4088
16.4808	13.4088
16.4808	13.4503
16.4393	13.4503
16.4393	13.4503
16.4393	13.4918
16.4393	13.4918
16.4393	13.4918
16.3978	13.4918
16.3978	13.5333
16.3978	13.5333
16.3978	13.5333
16.3978	13.5333
16.3562	13.5748
16.3562	13.5748
16.3562	13.5748
16.3562	13.5748
16.3562	13.6164
16.3147	13.6164
16.3147	13.6164
16.3147	13.6164
16.3147	13.6579
16.3147	13.6579
16.2732	13.6579
16.2732	13.6994
16.2732	13.6994
16.2732	13.6994
16.2732	13.6994
16.2317	13.7409
16.2317	13.7409
16.2317	13.7409
16.2317	13.7409
16.1902	13.7824
16.1902	13.7824
16.1902	13.7824
16.1902	13.7824
16.1902	13.8239
16.1487	13.8239
16.1487	13.8239
16.1487	13.8239
16.1487	13.8654
16.1487	13.8654
16.1072	13.8654
16.1072	13.8654
16.1072	13.9070
16.1072	13.9070
16.0656	13.9070
16.0656	13.9070
16.0656	13.9485
16.0656	13.9485
16.0656	13.9485
16.0241	13.9485
16.0241	13.9900
16.0241	13.9900
16.0241	13.9900
15.9826	13.9900
15.9826	14.0315
15.9826	14.0315
15.9826	14.0315
15.9826	14.0315
15.9411	14.0730
15.9411	14.0730
15.9411	14.0730
15.9411	14.0730
15.8996	14.1145
15.8996	14.1145
15.8996	14.1145
15.8996	14.1145
15.8581	14.1560
15.8581	14.1560
15.8581	14.1560
15.8581	14.1560
15.8166	14.1975
15.8166	14.1975
15.8166	14.1975
15.8166	14.1975
15.8166	14.1975
15.7751	14.2391
15.7751	14.2391
15.7751	14.2391
15.7751	14.2391
15.7335	14.2806
15.7335	14.2806
15.7335	14.2806
15.7335	14.2806
15.6920	14.3221
15.6920	14.3221
15.6920	14.3221
15.6920	14.3221
15.6505	14.3636
15.6505	14.3636
15.6505	14.3636
15.6505	14.3636
15.6090	14.3636
15.6090	14.4051
15.6090	14.4051
15.6090	14.4051
15.5675	14.4051
15.5675	14.4466
15.5675	14.4466
15.5675	14.4466
15.5260	14.4466
15.5260	14.4466
15.5260	14.4881
15.5260	14.4881
15.4845	14.4881
15.4845	14.4881
15.4845	14.5297
15.4845	14.5297
15.4429	14.5297
15.4429	14.5297
15.4429	14.5297
15.4014	14.5712
15.4014	14.5712
15.4014	14.5712
15.4014	14.5712
15.3599	14.6127
15.3599	14.6127
15.3599	14.6127
15.3599	14.6127
15.3184	14.6127
15.3184	14.6542
15.3184	14.6542
15.3184	14.6542
15.2769	14.6542
15.2769	14.6542
15.2769	14.6957
15.2354	14.6957
15.2354	14.6957
15.2354	14.6957
15.2354	14.7372
15.1939	14.7372
15.1939	14.7372
15.1939	14.7372
15.1939	14.7372
15.1524	14.7787
15.1524	14.7787
15.1524	14.7787
15.1108	14.7787
15.1108	14.7787
15.1108	14.8202
15.1108	14.8202
15.0693	14.8202
15.0693	14.8202
15.0693	14.8202
15.0278	14.8618
15.0278	14.8618
15.0278	14.8618
15.0278	14.8618
14.9863	14.8618
14.9863	14.9033
14.9863	14.9033
14.9863	14.9033
14.9448	14.9033
14.9448	14.9033
14.9448	14.9448
14.9033	14.9448
14.9033	14.9448
14.9033	14.9448
14.8618	14.9448
14.8618	14.9863
14.8618	14.9863
14.8618	14.9863
14.8202	14.9863
14.8202	14.9863
14.8202	15.0278
14.7787	15.0278
14.7787	15.0278
14.7787	15.0278
14.7787	15.0278
14.7372	15.0278
14.7372	15.0693
14.7372	15.0693
14.6957	15.0693
14.6957	15.0693
14.6957	15.0693
14.6542	15.1108
14.6542	15.1108
14.6542	15.1108
14.6542	15.1108
14.6127	15.1108
14.6127	15.1524
14.6127	15.1524
14.5712	15.1524
14.5712	15.1524
14.5712	15.1524
14.5297	15.1524
14.5297	15.1939
14.5297	15.1939
14.5297	15.1939
14.4881	15.1939
14.4881	15.1939
14.4881	15.1939
14.4466	15.2354
14.4466	15.2354
14.4466	15.2354
14.4051	15.2354
14.4051	15.2354
14.4051	15.2769
14.3636	15.2769
14.3636	15.2769
14.3636	15.2769
14.3636	15.2769
14.3221	15.2769
14.3221	15.3184
14.3221	15.3184
14.2806	15.3184
14.2806	15.3184
14.2806	15.3184
14.2391	15.3184
14.2391	15.3599
14.2391	15.3599
14.1975	15.3599
14.1975	15.3599
14.1975	15.3599
14.1560	15.3599
14.1560	15.4014
14.1560	15.4014
14.1145	15.4014
14.1145	15.4014
14.1145	15.4014
14.1145	15.4014
14.0730	15.4429
14.0730	15.4429
14.0730	15.4429
14.0315	15.4429
14.0315	15.4429
14.0315	15.4429
13.9900	15.4429
13.9900	15.4845
13.9900	15.4845
13.9485	15.4845
13.9485	15.4845
13.9485	15.4845
13.9070	15.4845
13.9070	15.5260
13.9070	15.5260
13.8654	15.5260
13.8654	15.5260
13.8654	15.5260
13.8239	15.5260
13.8239	15.5260
13.8239	15.5675
13.7824	15.5675
13.7824	15.5675
13.7824	15.5675
13.7409	15.5675
13.7409	15.5675
13.7409	15.5675
13.6994	15.6090
13.6994	15.6090
13.6994	15.6090
13.6579	15.6090
13.6579	15.6090
13.6579	15.6090
13.6164	15.6090
13.6164	15.6505
13.6164	15.6505
13.5748	15.6505
13.5748	15.6505
13.5748	15.6505
13.5333	15.6505
13.5333	15.6505
13.5333	15.6920
13.4918	15.6920
13.4918	15.6920
13.4918	15.6920
13.4503	15.6920
13.4503	15.6920
13.4088	15.6920
13.4088	15.6920
13.4088	15.7335
13.3673	15.7335
13.3673	15.7335
13.3673	15.7335
13.3258	15.7335
13.3258	15.7335
13.3258	15.7335
13.2843	15.7335
13.2843	15.7751
13.2843	15.7751
13.2427	15.7751
13.2427	15.7751
13.2427	15.7751
13.2012	15.7751
13.2012	15.7751
13.2012	15.7751
13.1597	15.8166
13.1597	15.8166
13.1597	15.8166
13.1182	15.8166
13.1182	15.8166
13.0767	15.8166
13.0767	15.8166
13.0767	15.8166
13.0352	15.8166
13.0352	15.8581
13.0352	15.8581
12.9937	15.8581
12.9937	15.8581
12.9937	15.8581
12.9521	15.8581
12.9521	15.8581
12.9521	15.8581
12.9106	15.8581
12.9106	15.8996
12.8691	15.8996
12.8691	15.8996
12.8691	15.8996
12.8276	15.8996
12.8276	15.8996
12.8276	15.8996
12.7861	15.8996
12.7861	15.8996
12.7861	15.9411
12.7446	15.9411
12.7446	15.9411
12.7031	15.9411
12.7031	15.9411
12.7031	15.9411
12.6616	15.9411
12.6616	15.9411
12.6616	15.9411
12.6200	15.9411
12.6200	15.9826
12.6200	15.9826
12.5785	15.9826
12.5785	15.9826
12.5370	15.9826
12.5370	15.9826
12.5370	15.9826
12.4955	15.9826
12.4955	15.9826
12.4955	15.9826
12.4540	15.9826
12.4540	16.0241
12.4125	16.0241
12.4125	16.0241
12.4125	16.0241
12.3710	16.0241
12.3710	16.0241
12.3710	16.0241
12.3294	16.0241
12.3294	16.0241
12.2879	16.0241
12.2879	16.0241
12.2879	16.0656
12.2464	16.0656
12.2464	16.0656
12.2464	16.0656
12.2049	16.0656
12.2049	16.0656
12.1634	16.0656
12.1634	16.0656
12.1634	16.0656
12.1219	16.0656
12.1219	16.0656
12.1219	16.0656
12.0804	16.0656
12.0804	16.1072
12.0389	16.1072
12.0389	16.1072
12.0389	16.1072
11.9973	16.1072
11.9973	16.1072
11.9973	16.1072
11.9558	16.1072
11.9558	16.1072
11.9143	16.1072
11.9143	16.1072
11.9143	16.1072
11.8728	16.1072
11.8728	16.1072
11.8313	16.1487
11.8313	16.1487
11.8313	16.1487
11.7898	16.1487
11.7898	16.1487
11.7898	16.1487
11.7483	16.1487
11.7483	16.1487
11.7067	16.1487
11.7067	16.1487
11.7067	16.1487
11.6652	16.1487
11.6652	16.1487
11.6237	16.1487
11.6237	16.1487
11.6237	16.1487
11.5822	16.1902
11.5822	16.1902
11.5822	16.1902
11.5407	16.1902
11.5407	16.1902
11.4992	16.1902
11.4992	16.1902
11.4992	16.1902
11.4577	16.1902
11.4577	16.1902
11.4162	16.1902
11.4162	16.1902
11.4162	16.1902
11.3746	16.1902
11.3746	16.1902
11.3331	16.1902
11.3331	16.1902
11.3331	16.1902
11.2916	16.1902
11.2916	16.1902
11.2501	16.2317
11.2501	16.2317
11.2501	16.2317
11.2086	16.2317
11.2086	16.2317
11.1671	16.2317
11.1671	16.2317
11.1671	16.2317
11.1256	16.2317
11.1256	16.2317
11.1256	16.2317
11.0840	16.2317
11.0840	16.2317
11.0425	16.2317
11.0425	16.2317
11.0425	16.2317
11.0010	16.2317
11.0010	16.2317
10.9595	16.2317
10.9595	16.2317
10.9595	16.2317
10.9180	16.2317
10.9180	16.2317
10.8765	16.2317
10.8765	16.2317
10.8765	16.2317
10.8350	16.2317
10.8350	16.2317
10.7935	16.2317
10.7935	16.2732
10.7935	16.2732
10.7519	16.2732
10.7519	16.2732
10.7104	16.2732
10.7104	16.2732
10.7104	16.2732
10.6689	16.2732
10.6689	16.2732
10.6274	16.2732
10.6274	16.2732
10.6274	16.2732
10.5859	16.2732
10.5859	16.2732
10.5444	16.2732
10.5444	16.2732
10.5444	16.2732
10.5029	16.2732
10.5029	16.2732
10.4613	16.2732
10.4613	16.2732
10.4613	16.2732
10.4198	16.2732
10.4198	16.2732
10.3783	16.2732
10.3783	16.2732
10.3783	16.2732
10.3368	16.2732
10.3368	16.2732
10.2953	16.2732
10.2953	16.2732
10.2953	16.2732
10.2538	16.2732
10.2538	16.2732
10.2123	16.2732
10.2123	16.2732
10.2123	16.2732
10.1708	16.2732
10.1708	16.2732
10.1292	16.2732
10.1292	16.2732
10.1292	16.2732
10.0877	16.2732
10.0877	16.2732
10.0877	16.2732
10.0462	16.2732
10.0462	16.2732
10.0047	16.2732
10.0047	16.2732
10.0047	16.2732
9.9632	16.2732
9.9632	16.2732
9.9217	16.2732
9.9217	16.2732
9.9217	16.2732
9.8802	16.2732
9.8802	16.2732
9.8387	16.2732
9.8387	16.2732
9.8387	16.2732
9.7971	16.2732
9.7971	16.2732
9.7971	16.2732
9.7556	16.2732
9.7556	16.2732
9.7141	16.2732
9.7141	16.2732
9.7141	16.2732
9.6726	16.2732
9.6726	16.2732
9.6311	16.2732
9.6311	16.2732
9.6311	16.2732
9.5896	16.2732
9.5896	16.2732
9.5896	16.2732
9.5481	16.2732
9.5481	16.2732
9.5065	16.2732
9.5065	16.2732
9.5065	16.2732
9.4650	16.2732
9.4650	16.2732
9.4235	16.2732
9.4235	16.2732
9.4235	16.2732
9.3820	16.2732
9.3820	16.2732
9.3820	16.2732
9.3405	16.2732
9.3405	16.2732
9.2990	16.2732
9.2990	16.2732
9.2990	16.2732
9.2575	16.2732
9.2575	16.2732
9.2575	16.2732
9.2160	16.2732
9.2160	16.2732
9.1744	16.2732
9.1744	16.2732
9.1744	16.2732
9.1329	16.2732
9.1329	16.2732
9.1329	16.2732
9.0914	16.2732
9.0914	16.2732
9.0499	16.2732
9.0499	16.2732
9.0499	16.2732
9.0084	16.2732
9.0084	16.2317
9.0084	16.2317
8.9669	16.2317
8.9669	16.2317
8.9254	16.2317
8.9254	16.2317
8.9254	16.2317
8.8838	16.2317
8.8838	16.2317
8.8838	16.2317
8.8423	16.2317
8.8423	16.2317
8.8008	16.2317
8.8008	16.2317
8.8008	16.2317
8.7593	16.2317
8.7593	16.2317
8.7593	16.2317
8.7178	16.2317
8.7178	16.2317
8.7178	16.2317
8.6763	16.2317
8.6763	16.2317
8.6348	16.2317
8.6348	16.2317
8.6348	16.2317
8.5933	16.2317
8.5933	16.2317
8.5933	16.2317
8.5517	16.2317
8.5517	16.2317
8.5517	16.1902
8.5102	16.1902
8.5102	16.1902
8.4687	16.1902
8.4687	16.1902
8.4687	16.1902
8.4272	16.1902
8.4272	16.1902
8.4272	16.1902
8.3857	16.1902
8.3857	16.1902
8.3857	16.1902
8.3442	16.1902
8.3442	16.1902
8.3442	16.1902
8.3027	16.1902
8.3027	16.1902
8.2611	16.1902
8.2611	16.1902
8.2611	16.1902
8.2196	16.1902
8.2196	16.1902
8.2196	16.1487
8.1781	16.1487
8.1781	16.1487
8.1781	16.1487
8.1366	16.1487
8.1366	16.1487
8.1366	16.1487
8.0951	16.1487
8.0951	16.1487
8.0951	16.1487
8.0536	16.1487
8.0536	16.1487
8.0536	16.1487
8.0121	16.1487
8.0121	16.1487
7.9706	16.1487
7.9706	16.1487
7.9706	16.1487
7.9290	16.1487
7.9290	16.1072
7.9290	16.1072
7.8875	16.1072
7.8875	16.1072
7.8875	16.1072
7.8460	16.1072
7.8460	16.1072
7.8460	16.1072
7.8045	16.1072
7.8045	16.1072
7.8045	16.1072
7.7630	16.1072
7.7630	16.1072
7.7630	16.1072
7.7215	16.1072
7.7215	16.1072
7.7215	16.0656
7.6800	16.0656
7.6800	16.0656
7.6800	16.0656
7.6384	16.0656
7.6384	16.0656
7.6384	16.0656
7.5969	16.0656
7.5969	16.0656
7.5969	16.0656
7.5554	16.0656
7.5554	16.0656
7.5554	16.0656
7.5139	16.0656
7.5139	16.0241
7.5139	16.0241
7.4724	16.0241
7.4724	16.0241
7.4724	16.0241
7.4309	16.0241
7.4309	16.0241
7.4309	16.0241
7.3894	16.0241
7.3894	16.0241
7.3894	16.0241
7.3479	16.0241
7.3479	16.0241
7.3479	16.0241
7.3063	15.9826
7.3063	15.9826
7.3063	15.9826
7.2648	15.9826
7.2648	15.9826
7.2648	15.9826
7.2233	15.9826
7.2233	15.9826
7.2233	15.9826
7.1818	15.9826
7.1818	15.9826
7.1818	15.9826
7.1403	15.9411
7.1403	15.9411
7.1403	15.9411
7.0988	15.9411
7.0988	15.9411
7.0988	15.9411
7.0988	15.9411
7.0573	15.9411
7.0573	15.9411
7.0573	15.9411
7.0157	15.9411
7.0157	15.9411
7.0157	15.8996
6.9742	15.8996
6.9742	15.8996
6.9742	15.8996
6.9327	15.8996
6.9327	15.8996
6.9327	15.8996
6.8912	15.8996
6.8912	15.8996
6.8912	15.8996
6.8497	15.8996
6.8497	15.8581
6.8497	15.8581
6.8497	15.8581
6.8082	15.8581
6.8082	15.8581
6.8082	15.8581
6.7667	15.8581
6.7667	15.8581
6.7667	15.8581
6.7252	15.8581
6.7252	15.8166
6.7252	15.8166
6.6836	15.8166
6.6836	15.8166
6.6836	15.8166
6.6836	15.8166
6.6421	15.8166
6.6421	15.8166
6.6421	15.8166
6.6006	15.8166
6.6006	15.7751
6.6006	15.7751
6.5591	15.7751
6.5591	15.7751
6.5591	15.7751
6.5591	15.7751
6.5176	15.7751
6.5176	15.7751
6.5176	15.7751
6.4761	15.7751
6.4761	15.7335
6.4761	15.7335
6.4761	15.7335
6.4346	15.7335
6.4346	15.7335
6.4346	15.7335
6.3930	15.7335
6.3930	15.7335
6.3930	15.7335
6.3515	15.6920
6.3515	15.6920
6.3515	15.6920
6.3515	15.6920
6.3100	15.6920
6.3100	15.6920
6.3100	15.6920
6.2685	15.6920
6.2685	15.6920
6.2685	15.6505
6.2685	15.6505
6.2270	15.6505
6.2270	15.6505
6.2270	15.6505
6.1855	15.6505
6.1855	15.6505
6.1855	15.6505
6.1855	15.6505
6.1440	15.6090
6.1440	15.6090
6.1440	15.6090
6.1440	15.6090
6.1025	15.6090
6.1025	15.6090
6.1025	15.6090
6.0609	15.6090
6.0609	15.5675
6.0609	15.5675
6.0609	15.5675
6.0194	15.5675
6.0194	15.5675
6.0194	15.5675
5.9779	15.5675
5.9779	15.5675
5.9779	15.5675
5.9779	15.5260
5.9364	15.5260
5.9364	15.5260
5.9364	15.5260
5.9364	15.5260
5.8949	15.5260
5.8949	15.5260
5.8949	15.5260
5.8949	15.4845
5.8534	15.4845
5.8534	15.4845
5.8534	15.4845
5.8119	15.4845
5.8119	15.4845
5.8119	15.4845
5.8119	15.4429
5.7703	15.4429
5.7703	15.4429
5.7703	15.4429
5.7703	15.4429
5.7288	15.4429
5.7288	15.4429
5.7288	15.4429
5.7288	15.4014
5.6873	15.4014
5.6873	15.4014
5.6873	15.4014
5.6873	15.4014
5.6458	15.4014
5.6458	15.4014
5.6458	15.3599
5.6458	15.3599
5.6043	15.3599
5.6043	15.3599
5.6043	15.3599
5.6043	15.3599
5.5628	15.3599
5.5628	15.3599
5.5628	15.3184
5.5628	15.3184
5.5213	15.3184
5.5213	15.3184
5.5213	15.3184
5.5213	15.3184
5.4798	15.3184
5.4798	15.2769
5.4798	15.2769
5.4798	15.2769
5.4382	15.2769
5.4382	15.2769
5.4382	15.2769
5.4382	15.2769
5.3967	15.2354
5.3967	15.2354
5.3967	15.2354
5.3967	15.2354
5.3552	15.2354
5.3552	15.2354
5.3552	15.2354
5.3552	15.1939
5.3137	15.1939
5.3137	15.1939
5.3137	15.1939
5.3137	15.1939
5.3137	15.1939
5.2722	15.1524
5.2722	15.1524
5.2722	15.1524
5.2722	15.1524
5.2307	15.1524
5.2307	15.1524
5.2307	15.1524
5.2307	15.1108
5.1892	15.1108
5.1892	15.1108
5.1892	15.1108
5.1892	15.1108
5.1892	15.1108
5.1476	15.1108
5.1476	15.0693
5.1476	15.0693
5.1476	15.0693
5.1061	15.0693
5.1061	15.0693
5.1061	15.0693
5.1061	15.0278
5.1061	15.0278
5.0646	15.0278
5.0646	15.0278
5.0646	15.0278
5.0646	15.0278
5.0231	14.9863
5.0231	14.9863
5.0231	14.9863
5.0231	14.9863
5.0231	14.9863
4.9816	14.9863
4.9816	14.9863
4.9816	14.9448
4.9816	14.9448
4.9816	14.9448
4.9401	14.9448
4.9401	14.9448
4.9401	14.9448
4.9401	14.9033
4.8986	14.9033
4.8986	14.9033
4.8986	14.9033
4.8986	14.9033
4.8986	14.9033
4.8571	14.8618
4.8571	14.8618
4.8571	14.8618
4.8571	14.8618
4.8571	14.8618
4.8155	14.8618
4.8155	14.8202
4.8155	14.8202
4.8155	14.8202
4.8155	14.8202
4.7740	14.8202
4.7740	14.8202
4.7740	14.7787
4.7740	14.7787
4.7740	14.7787
4.7325	14.7787
4.7325	14.7787
4.7325	14.7787
4.7325	14.7372
4.7325	14.7372
4.7325	14.7372
4.6910	14.7372
4.6910	14.7372
4.6910	14.6957
4.6910	14.6957
4.6910	14.6957
4.6495	14.6957
4.6495	14.6957
4.6495	14.6957
4.6495	14.6542
4.6495	14.6542
4.6080	14.6542
4.6080	14.6542
4.6080	14.6542
4.6080	14.6542
4.6080	14.6127
4.6080	14.6127
4.5665	14.6127
4.5665	14.6127
4.5665	14.6127
4.5665	14.5712
4.5665	14.5712
4.5249	14.5712
4.5249	14.5712
4.5249	14.5712
4.5249	14.5712
4.5249	14.5297
4.5249	14.5297
4.4834	14.5297
4.4834	14.5297
4.4834	14.5297
4.4834	14.4881
4.4834	14.4881
4.4834	14.4881
4.4419	14.4881
4.4419	14.4881
4.4419	14.4881
4.4419	14.4466
4.4419	14.4466
4.4419	14.4466
4.4004	14.4466
4.4004	14.4466
4.4004	14.4051
4.4004	14.4051
4.4004	14.4051
4.4004	14.4051
4.3589	14.4051
4.3589	14.4051
4.3589	14.3636
4.3589	14.3636
4.3589	14.3636
4.3589	14.3636
4.3174	14.3636
4.3174	14.3221
4.3174	14.3221
4.3174	14.3221
4.3174	14.3221
4.3174	14.3221
4.2759	14.2806
4.2759	14.2806
4.2759	14.2806
4.2759	14.2806
4.2759	14.2806
4.2759	14.2806
4.2344	14.2391
4.2344	14.2391
4.2344	14.2391
4.2344	14.2391
4.2344	14.2391
4.2344	14.1975
4.1928	14.1975
4.1928	14.1975
4.1928	14.1975
4.1928	14.1975
4.1928	14.1560
4.1928	14.1560
4.1513	14.1560
4.1513	14.1560
4.1513	14.1560
4.1513	14.1560
4.1513	14.1145
4.1513	14.1145
4.1098	14.1145
4.1098	14.1145
4.1098	14.1145
4.1098	14.0730
4.1098	14.0730
4.1098	14.0730
4.0683	14.0730
4.0683	14.0730
4.0683	14.0315
4.0683	14.0315
4.0683	14.0315
4.0683	14.0315
4.0268	14.0315
4.0268	13.9900
4.0268	13.9900
4.0268	13.9900
4.0268	13.9900
4.0268	13.9900
4.0268	13.9485
3.9853	13.9485
3.9853	13.9485
3.9853	13.9485
3.9853	13.9485
3.9853	13.9485
3.9853	13.9070
3.9438	13.9070
3.9438	13.9070
3.9438	13.9070
3.9438	13.9070
3.9438	13.8654
3.9438	13.8654
3.9438	13.8654
3.9022	13.8654
3.9022	13.8654
3.9022	13.8239
3.9022	13.8239
3.9022	13.8239
3.9022	13.8239
3.8607	13.8239
3.8607	13.7824
3.8607	13.7824
3.8607	13.7824
3.8607	13.7824
3.8607	13.7824
3.8607	13.7409
3.8192	13.7409
3.8192	13.7409
3.8192	13.7409
3.8192	13.7409
3.8192	13.6994
3.8192	13.6994
3.7777	13.6994
3.7777	13.6994
3.7777	13.6994
3.7777	13.6579
3.7777	13.6579
3.7777	13.6579
3.7777	13.6579
3.7362	13.6579
3.7362	13.6164
3.7362	13.6164
3.7362	13.6164
3.7362	13.6164
3.7362	13.6164
3.7362	13.5748
3.6947	13.5748
3.6947	13.5748
3.6947	13.5748
3.6947	13.5748
3.6947	13.5333
3.6947	13.5333
3.6947	13.5333
3.6532	13.5333
3.6532	13.5333
3.6532	13.4918
3.6532	13.4918
3.6532	13.4918
3.6532	13.4918
3.6117	13.4918
3.6117	13.4503
3.6117	13.4503
3.6117	13.4503
3.6117	13.4503
3.6117	13.4503
3.6117	13.4088
3.5701	13.4088
3.5701	13.4088
3.5701	13.4088
3.5701	13.4088
3.5701	13.3673
3.5701	13.3673
3.5701	13.3673
3.5701	13.3673
3.5286	13.3673
3.5286	13.3258
3.5286	13.3258
3.5286	13.3258
3.5286	13.3258
3.5286	13.3258
3.5286	13.2843
3.4871	13.2843
3.4871	13.2843
3.4871	13.2843
3.4871	13.2843
3.4871	13.2427
3.4871	13.2427
3.4871	13.2427
3.4456	13.2427
3.4456	13.2427
3.4456	13.2012
3.4456	13.2012
3.4456	13.2012
3.4456	13.2012
3.4456	13.2012
3.4041	13.1597
3.4041	13.1597
3.4041	13.1597
3.4041	13.1597
3.4041	13.1597
3.4041	13.1182
3.4041	13.1182
3.4041	13.1182
3.3626	13.1182
3.3626	13.1182
3.3626	13.0767
3.3626	13.0767
3.3626	13.0767
3.3626	13.0767
3.3626	13.0767
3.3211	13.0352
3.3211	13.0352
3.3211	13.0352
3.3211	13.0352
3.3211	13.0352
3.3211	12.9937
3.3211	12.9937
3.3211	12.9937
3.2796	12.9937
3.2796	12.9937
3.2796	12.9521
3.2796	12.9521
3.2796	12.9521
3.2796	12.9521
3.2796	12.9106
3.2796	12.9106
3.2380	12.9106
3.2380	12.9106
3.2380	12.9106
3.2380	12.8691
3.2380	12.8691
3.2380	12.8691
3.2380	12.8691
3.2380	12.8691
3.1965	12.8276
3.1965	12.8276
3.1965	12.8276
3.1965	12.8276
3.1965	12.8276
3.1965	12.7861
3.1965	12.7861
3.1965	12.7861
3.1550	12.7861
3.1550	12.7861
3.1550	12.7446
3.1550	12.7446
3.1550	12.7446
3.1550	12.7446
3.1550	12.7446
3.1550	12.7031
3.1135	12.7031
3.1135	12.7031
3.1135	12.7031
3.1135	12.7031
3.1135	12.6616
3.1135	12.6616
3.1135	12.6616
3.1135	12.6616
3.1135	12.6616
3.0720	12.6200
3.0720	12.6200
3.0720	12.6200
3.0720	12.6200
3.0720	12.5785
3.0720	12.5785
3.0720	12.5785
3.0720	12.5785
3.0720	12.5785
3.0305	12.5370
3.0305	12.5370
3.0305	12.5370
3.0305	12.5370
3.0305	12.5370
3.0305	12.4955
3.0305	12.4955
3.0305	12.4955
2.9890	12.4955
2.9890	12.4955
2.9890	12.4540
2.9890	12.4540
2.9890	12.4540
2.9890	12.4540
2.9890	12.4540
2.9890	12.4125
2.9890	12.4125
2.9474	12.4125
2.9474	12.4125
2.9474	12.4125
2.9474	12.3710
2.9474	12.3710
2.9474	12.3710
2.9474	12.3710
2.9474	12.3710
2.9474	12.3294
2.9474	12.3294
2.9059	12.3294
2.9059	12.3294
2.9059	12.2879
2.9059	12.2879
2.9059	12.2879
2.9059	12.2879
2.9059	12.2879
2.9059	12.2464
2.9059	12.2464
2.8644	12.2464
2.8644	12.2464
2.8644	12.2464
2.8644	12.2049
2.8644	12.2049
2.8644	12.2049
2.8644	12.2049
2.8644	12.2049
2.8644	12.1634
2.8644	12.1634
2.8229	12.1634
2.8229	12.1634
2.8229	12.1634
2.8229	12.1219
2.8229	12.1219
2.8229	12.1219
2.8229	12.1219
2.8229	12.1219
2.8229	12.0804
2.8229	12.0804
2.7814	12.0804
2.7814	12.0804
2.7814	12.0389
2.7814	12.0389
2.7814	12.0389
2.7814	12.0389
2.7814	12.0389
2.7814	11.9973
2.7814	11.9973
2.7814	11.9973
2.7814	11.9973
2.7399	11.9973
2.7399	11.9558
2.7399	11.9558
2.7399	11.9558
2.7399	11.9558
2.7399	11.9558
2.7399	11.9143
2.7399	11.9143
2.7399	11.9143
2.7399	11.9143
2.7399	11.9143
2.6984	11.8728
2.6984	11.8728
2.6984	11.8728
2.6984	11.8728
2.6984	11.8728
2.6984	11.8313
2.6984	11.8313
2.6984	11.8313
2.6984	11.8313
2.6984	11.8313
2.6984	11.7898
2.6569	11.7898
2.6569	11.7898
2.6569	11.7898
2.6569	11.7483
2.6569	11.7483
2.6569	11.7483
2.6569	11.7483
2.6569	11.7483
2.6569	11.7067
2.6569	11.7067
2.6569	11.7067
2.6569	11.7067
2.6153	11.7067
2.6153	11.6652
2.6153	11.6652
2.6153	11.6652
2.6153	11.6652
2.6153	11.6652
2.6153	11.6237
2.6153	11.6237
2.6153	11.6237
2.6153	11.6237
2.6153	11.6237
2.6153	11.5822
2.5738	11.5822
2.5738	11.5822
2.5738	11.5822
2.5738	11.5822
2.5738	11.5407
2.5738	11.5407
2.5738	11.5407
2.5738	11.5407
2.5738	11.5407
2.5738	11.4992
2.5738	11.4992
2.5738	11.4992
2.5738	11.4992
2.5323	11.4992
2.5323	11.4577
2.5323	11.4577
2.5323	11.4577
2.5323	11.4577
2.5323	11.4577
2.5323	11.4162
2.5323	11.4162
2.5323	11.4162
2.5323	11.4162
2.5323	11.4162
2.5323	11.3746
2.5323	11.3746
2.5323	11.3746
2.4908	11.3746
2.4908	11.3331
2.4908	11.3331
2.4908	11.3331
2.4908	11.3331
2.4908	11.3331
2.4908	11.2916
2.4908	11.2916
2.4908	11.2916
2.4908	11.2916
2.4908	11.2916
2.4908	11.2501
2.4908	11.2501
2.4908	11.2501
2.4493	11.2501
2.4493	11.2501
2.4493	11.2086
2.4493	11.2086
2.4493	11.2086
2.4493	11.2086
2.4493	11.2086
2.4493	11.1671
2.4493	11.1671
2.4493	11.1671
2.4493	11.1671
2.4493	11.1671
2.4493	11.1256
2.4493	11.1256
2.4493	11.1256
2.4493	11.1256
2.4078	11.1256
2.4078	11.0840
2.4078	11.0840
2.4078	11.0840
2.4078	11.0840
2.4078	11.0840
2.4078	11.0425
2.4078	11.0425
2.4078	11.0425
2.4078	11.0425
2.4078	11.0425
2.4078	11.0010
2.4078	11.0010
2.4078	11.0010
2.4078	11.0010
2.4078	11.0010
2.4078	10.9595
2.4078	10.9595
2.3663	10.9595
2.3663	10.9595
2.3663	10.9595
2.3663	10.9180
2.3663	10.9180
2.3663	10.9180
2.3663	10.9180
2.3663	10.9180
2.3663	10.8765
2.3663	10.8765
2.3663	10.8765
2.3663	10.8765
2.3663	10.8765
2.3663	10.8350
2.3663	10.8350
2.3663	10.8350
2.3663	10.8350
2.3663	10.8350
2.3663	10.8350
2.3247	10.7935
2.3247	10.7935
2.3247	10.7935
2.3247	10.7935
2.3247	10.7935
2.3247	10.7519
2.3247	10.7519
2.3247	10.7519
2.3247	10.7519
2.3247	10.7519
2.3247	10.7104
2.3247	10.7104
2.3247	10.7104
2.3247	10.7104
2.3247	10.7104
2.3247	10.6689
2.3247	10.6689
2.3247	10.6689
2.3247	10.6689
2.3247	10.6689
2.3247	10.6274
2.3247	10.6274
2.3247	10.6274
2.3247	10.6274
2.2832	10.6274
2.2832	10.5859
2.2832	10.5859
2.2832	10.5859
2.2832	10.5859
2.2832	10.5859
2.2832	10.5444
2.2832	10.5444
2.2832	10.5444
2.2832	10.5444
2.2832	10.5444
2.2832	10.5444
2.2832	10.5029
2.2832	10.5029
2.2832	10.5029
2.2832	10.5029
2.2832	10.5029
2.2832	10.4613
2.2832	10.4613
2.2832	10.4613
2.2832	10.4613
2.2832	10.4613
2.2832	10.4198
2.2832	10.4198
2.2832	10.4198
2.2832	10.4198
2.2832	10.4198
2.2832	10.3783
2.2832	10.3783
2.2417	10.3783
2.2417	10.3783
2.2417	10.3783
2.2417	10.3783
2.2417	10.3368
2.2417	10.3368
2.2417	10.3368
2.2417	10.3368
2.2417	10.3368
2.2417	10.2953
2.2417	10.2953
2.2417	10.2953
2.2417	10.2953
2.2417	10.2953
2.2417	10.2538
2.2417	10.2538
2.2417	10.2538
2.2417	10.2538
2.2417	10.2538
2.2417	10.2123
2.2417	10.2123
2.2417	10.2123
2.2417	10.2123
2.2417	10.2123
2.2417	10.1708
2.2417	10.1708
2.2417	10.1708
2.2417	10.1708
2.2417	10.1708
2.2417	10.1292
2.2417	10.1292
2.2417	10.1292
2.2417	10.1292
2.2417	10.1292
2.2417	10.1292
2.2417	10.0877
2.2417	10.0877
2.2417	10.0877
2.2417	10.0877
2.2417	10.0877
2.2417	10.0462
2.2417	10.0462
2.2417	10.0462
2.2417	10.0462
2.2417	10.0462
2.2417	10.0047
2.2417	10.0047
2.2417	10.0047
2.2417	10.0047
2.2417	10.0047
2.2417	9.9632
2.2417	9.9632
2.2417	9.9632
2.2417	9.9632
2.2417	9.9632
2.2417	9.9217
2.2417	9.9217
2.2417	9.9217
2.2417	9.9217
2.2417	9.8802
2.2417	9.8802
2.2417	9.8802
2.2417	9.8802
2.2417	9.8802
2.2417	9.8387
2.2417	9.8387
2.2417	9.8387
2.2417	9.8387
2.2417	9.8387
2.2417	9.7971
2.2417	9.7971
2.2417	9.7971
2.2417	9.7971
2.2417	9.7971
2.2417	9.7556
2.2417	9.7556
2.2417	9.7556
2.2417	9.7556
2.2417	9.7556
2.2417	9.7141
2.2417	9.7141
2.2417	9.7141
2.2417	9.7141
2.2417	9.7141
2.2417	9.6726
2.2417	9.6726
2.2417	9.6726
2.2417	9.6726
2.2417	9.6726
2.2417	9.6311
2.2417	9.6311
2.2417	9.6311
2.2417	9.6311
2.2417	9.5896
2.2417	9.5896
2.2417	9.5896
2.2417	9.5896
2.2417	9.5896
2.2417	9.5481
2.2417	9.5481
2.2417	9.5481
2.2417	9.5481
2.2417	9.5481
2.2417	9.5065
2.2417	9.5065
2.2417	9.5065
2.2417	9.5065
2.2417	9.4650
2.2417	9.4650
2.2417	9.4650
2.2417	9.4650
2.2417	9.4650
2.2417	9.4235
2.2417	9.4235
2.2417	9.4235
2.2417	9.4235
2.2417	9.4235
2.2417	9.3820
2.2417	9.3820
2.2417	9.3820
2.2417	9.3820
2.2417	9.3405
2.2417	9.3405
2.2417	9.3405
2.2417	9.3405
2.2417	9.3405
2.2417	9.2990
2.2417	9.2990
2.2417	9.2990
2.2417	9.2990
2.2417	9.2990
2.2417	9.2575
2.2417	9.2575
2.2417	9.2575
2.2417	9.2575
2.2417	9.2160
2.2417	9.2160
2.2417	9.2160
2.2832	9.2160
2.2832	9.2160
2.2832	9.1744
2.2832	9.1744
2.2832	9.1744
2.2832	9.1744
2.2832	9.1329
2.2832	9.1329
2.2832	9.1329
2.2832	9.1329
2.2832	9.1329
2.2832	9.0914
2.2832	9.0914
2.2832	9.0914
2.2832	9.0914
2.2832	9.0914
2.2832	9.0499
2.2832	9.0499
2.2832	9.0499
2.2832	9.0499
2.2832	9.0084
2.2832	9.0084
2.2832	9.0084
2.2832	9.0084
2.2832	9.0084
2.2832	8.9669
2.2832	8.9669
2.2832	8.9669
2.2832	8.9669
2.3247	8.9254
2.3247	8.9254
2.3247	8.9254
2.3247	8.9254
2.3247	8.9254
2.3247	8.8838
2.3247	8.8838
2.3247	8.8838
2.3247	8.8838
2.3247	8.8423
2.3247	8.8423
2.3247	8.8423
2.3247	8.8423
2.3247	8.8008
2.3247	8.8008
2.3247	8.8008
2.3247	8.8008
2.3247	8.8008
2.3247	8.7593
2.3247	8.7593
2.3247	8.7593
2.3247	8.7593
2.3663	8.7178
2.3663	8.7178
2.3663	8.7178
2.3663	8.7178
2.3663	8.7178
2.3663	8.6763
2.3663	8.6763
2.3663	8.6763
2.3663	8.6763
2.3663	8.6348
2.3663	8.6348
2.3663	8.6348
2.3663	8.6348
2.3663	8.5933
2.3663	8.5933
2.3663	8.5933
2.3663	8.5933
2.3663	8.5933
2.4078	8.5517
2.4078	8.5517
2.4078	8.5517
2.4078	8.5517
2.4078	8.5102
2.4078	8.5102
2.4078	8.5102
2.4078	8.5102
2.4078	8.5102
2.4078	8.4687
2.4078	8.4687
2.4078	8.4687
2.4078	8.4687
2.4078	8.4272
2.4078	8.4272
2.4078	8.4272
2.4078	8.4272
2.4493	8.3857
2.4493	8.3857
2.4493	8.3857
2.4493	8.3857
2.4493	8.3857
2.4493	8.3442
2.4493	8.3442
2.4493	8.3442
2.4493	8.3442
2.4493	8.3027
2.4493	8.3027
2.4493	8.3027
2.4493	8.3027
2.4493	8.2611
2.4493	8.2611
2.4908	8.2611
2.4908	8.2611
2.4908	8.2611
2.4908	8.2196
2.4908	8.2196
2.4908	8.2196
2.4908	8.2196
2.4908	8.1781
2.4908	8.1781
2.4908	8.1781
2.4908	8.1781
2.4908	8.1366
2.4908	8.1366
2.5323	8.1366
2.5323	8.1366
2.5323	8.1366
2.5323	8.0951
2.5323	8.0951
2.5323	8.0951
2.5323	8.0951
2.5323	8.0536
2.5323	8.0536
2.5323	8.0536
2.5323	8.0536
2.5323	8.0121
2.5323	8.0121
2.5738	8.0121
2.5738	8.0121
2.5738	7.9706
2.5738	7.9706
2.5738	7.9706
2.5738	7.9706
2.5738	7.9706
2.5738	7.9290
2.5738	7.9290
2.5738	7.9290
2.5738	7.9290
2.5738	7.8875
2.6153	7.8875
2.6153	7.8875
2.6153	7.8875
2.6153	7.8460
2.6153	7.8460
2.6153	7.8460
2.6153	7.8460
2.6153	7.8045
2.6153	7.8045
2.6153	7.8045
2.6153	7.8045
2.6153	7.8045
2.6569	7.7630
2.6569	7.7630
2.6569	7.7630
2.6569	7.7630
2.6569	7.7215
2.6569	7.7215
2.6569	7.7215
2.6569	7.7215
2.6569	7.6800
2.6569	7.6800
2.6984	7.6800
2.6984	7.6800
2.6984	7.6384
2.6984	7.6384
2.6984	7.6384
2.6984	7.6384
2.6984	7.6384
2.6984	7.5969
2.6984	7.5969
2.6984	7.5969
2.6984	7.5969
2.7399	7.5554
2.7399	7.5554
2.7399	7.5554
2.7399	7.5554
2.7399	7.5139
2.7399	7.5139
2.7399	7.5139
2.7399	7.5139
2.7399	7.4724
2.7399	7.4724
2.7814	7.4724
2.7814	7.4724
2.7814	7.4724
2.7814	7.4309
2.7814	7.4309
2.7814	7.4309
2.7814	7.4309
2.7814	7.3894
2.7814	7.3894
2.7814	7.3894
2.8229	7.3894
2.8229	7.3479
2.8229	7.3479
2.8229	7.3479
2.8229	7.3479
2.8229	7.3063
2.8229	7.3063
2.8229	7.3063
2.8229	7.3063
2.8644	7.2648
2.8644	7.2648
2.8644	7.2648
2.8644	7.2648
2.8644	7.2648
2.8644	7.2233
2.8644	7.2233
2.8644	7.2233
2.8644	7.2233
2.9059	7.1818
2.9059	7.1818
2.9059	7.1818
2.9059	7.1818
2.9059	7.1403
2.9059	7.1403
2.9059	7.1403
2.9059	7.1403
2.9059	7.0988
2.9474	7.0988
2.9474	7.0988
2.9474	7.0988
2.9474	7.0573
2.9474	7.0573
2.9474	7.0573
2.9474	7.0573
2.9474	7.0573
2.9890	7.0157
2.9890	7.0157
2.9890	7.0157
2.9890	7.0157
2.9890	6.9742
2.9890	6.9742
2.9890	6.9742
2.9890	6.9742
2.9890	6.9327
3.0305	6.9327
3.0305	6.9327
3.0305	6.9327
3.0305	6.8912
3.0305	6.8912
3.0305	6.8912
3.0305	6.8912
3.0305	6.8912
3.0720	6.8497
3.0720	6.8497
3.0720	6.8497
3.0720	6.8497
3.0720	6.8082
3.0720	6.8082
3.0720	6.8082
3.0720	6.8082
3.1135	6.7667
3.1135	6.7667
3.1135	6.7667
3.1135	6.7667
3.1135	6.7252
3.1135	6.7252
3.1135	6.7252
3.1550	6.7252
3.1550	6.6836
3.1550	6.6836
3.1550	6.6836
3.1550	6.6836
3.1550	6.6836
3.1550	6.6421
3.1550	6.6421
3.1965	6.6421
3.1965	6.6421
3.1965	6.6006
3.1965	6.6006
3.1965	6.6006
3.1965	6.6006
3.1965	6.5591
3.2380	6.5591
3.2380	6.5591
3.2380	6.5591
3.2380	6.5176
3.2380	6.5176
3.2380	6.5176
3.2380	6.5176
3.2380	6.5176
3.2796	6.4761
3.2796	6.4761
3.2796	6.4761
3.2796	6.4761
3.2796	6.4346
3.2796	6.4346
3.2796	6.4346
3.3211	6.4346
3.3211	6.3930
3.3211	6.3930
3.3211	6.3930
3.3211	6.3930
3.3211	6.3515
3.3211	6.3515
3.3626	6.3515
3.3626	6.3515
3.3626	6.3515
3.3626	6.3100
3.3626	6.3100
3.3626	6.3100
3.3626	6.3100
3.4041	6.2685
3.4041	6.2685
3.4041	6.2685
3.4041	6.2685
3.4041	6.2270
3.4041	6.2270
3.4041	6.2270
3.4456	6.2270
3.4456	6.1855
3.4456	6.1855
3.4456	6.1855
3.4456	6.1855
3.4456	6.1855
3.4456	6.1440
3.4871	6.1440
3.4871	6.1440
3.4871	6.1440
3.4871	6.1025
3.4871	6.1025
3.4871	6.1025
3.5286	6.1025
3.5286	6.0609
3.5286	6.0609
3.5286	6.0609
3.5286	6.0609
3.5286	6.0194
3.5286	6.0194
3.5701	6.0194
3.5701	6.0194
3.5701	6.0194
3.5701	5.9779
3.5701	5.9779
3.5701	5.9779
3.6117	5.9779
3.6117	5.9364
3.6117	5.9364
3.6117	5.9364
3.6117	5.9364
3.6117	5.8949
3.6117	5.8949
3.6532	5.8949
3.6532	5.8949
3.6532	5.8949
3.6532	5.8534
3.6532	5.8534
3.6532	5.8534
3.6947	5.8534
3.6947	5.8119
3.6947	5.8119
3.6947	5.8119
3.6947	5.8119
3.6947	5.7703
3.7362	5.7703
3.7362	5.7703
3.7362	5.7703
3.7362	5.7703
3.7362	5.7288
3.7362	5.7288
3.7777	5.7288
3.7777	5.7288
3.7777	5.6873
3.7777	5.6873
3.7777	5.6873
3.7777	5.6873
3.8192	5.6458
3.8192	5.6458
3.8192	5.6458
3.8192	5.6458
3.8192	5.6458
3.8192	5.6043
3.8607	5.6043
3.8607	5.6043
3.8607	5.6043
3.8607	5.5628
3.8607	5.5628
3.8607	5.5628
3.9022	5.5628
3.9022	5.5628
3.9022	5.5213
3.9022	5.5213
3.9022	5.5213
3.9022	5.5213
3.9438	5.4798
3.9438	5.4798
3.9438	5.4798
3.9438	5.4798
3.9438	5.4798
3.9853	5.4382
3.9853	5.4382
3.9853	5.4382
3.9853	5.4382
3.9853	5.3967
3.9853	5.3967
4.0268	5.3967
4.0268	5.3967
4.0268	5.3967
4.0268	5.3552
4.0268	5.3552
4.0683	5.3552
4.0683	5.3552
4.0683	5.3137
4.0683	5.3137
4.0683	5.3137
4.1098	5.3137
4.1098	5.3137
4.1098	5.2722
4.1098	5.2722
4.1098	5.2722
4.1513	5.2722
4.1513	5.2722
4.1513	5.2307
4.1513	5.2307
4.1513	5.2307
4.1928	5.2307
4.1928	5.1892
4.1928	5.1892
4.1928	5.1892
4.1928	5.1892
4.2344	5.1892
4.2344	5.1476
4.2344	5.1476
4.2344	5.1476
4.2344	5.1476
4.2759	5.1476
4.2759	5.1061
4.2759	5.1061
4.2759	5.1061
4.3174	5.1061
4.3174	5.1061
4.3174	5.0646
4.3174	5.0646
4.3174	5.0646
4.3589	5.0646
4.3589	5.0646
4.3589	5.0231
4.3589	5.0231
4.3589	5.0231
4.4004	5.0231
4.4004	5.0231
4.4004	4.9816
4.4004	4.9816
4.4419	4.9816
4.4419	4.9816
4.4419	4.9816
4.4419	4.9401
4.4419	4.9401
4.4834	4.9401
4.4834	4.9401
4.4834	4.9401
4.4834	4.8986
4.5249	4.8986
4.5249	4.8986
4.5249	4.8986
4.5249	4.8986
4.5665	4.8571
4.5665	4.8571
4.5665	4.8571
4.5665	4.8571
4.5665	4.8571
4.6080	4.8155
4.6080	4.8155
4.6080	4.8155
4.6080	4.8155
4.6495	4.8155
4.6495	4.7740
4.6495	4.7740
4.6495	4.7740
4.6910	4.7740
4.6910	4.7740
4.6910	4.7740
4.6910	4.7325
4.7325	4.7325
4.7325	4.7325
4.7325	4.7325
4.7325	4.7325
4.7740	4.6910
4.7740	4.6910
4.7740	4.6910
4.7740	4.6910
4.8155	4.6910
4.8155	4.6910
4.8155	4.6495
4.8155	4.6495
4.8571	4.6495
4.8571	4.6495
4.8571	4.6495
4.8571	4.6080
4.8986	4.6080
4.8986	4.6080
4.8986	4.6080
4.8986	4.6080
4.9401	4.6080
4.9401	4.5665
4.9401	4.5665
4.9401	4.5665
4.9816	4.5665
4.9816	4.5665
4.9816	4.5249
4.9816	4.5249
5.0231	4.5249
5.0231	4.5249
5.0231	4.5249
5.0646	4.5249
5.0646	4.4834
5.0646	4.4834
5.0646	4.4834
5.1061	4.4834
5.1061	4.4834
5.1061	4.4834
5.1061	4.4419
5.1476	4.4419
5.1476	4.4419
5.1476	4.4419
5.1476	4.4419
5.1892	4.4419
5.1892	4.4004
5.1892	4.4004
5.2307	4.4004
5.2307	4.4004
5.2307	4.4004
5.2307	4.4004
5.2722	4.3589
5.2722	4.3589
5.2722	4.3589
5.2722	4.3589
5.3137	4.3589
5.3137	4.3589
5.3137	4.3174
5.3552	4.3174
5.3552	4.3174
5.3552	4.3174
5.3552	4.3174
5.3967	4.3174
5.3967	4.2759
5.3967	4.2759
5.4382	4.2759
5.4382	4.2759
5.4382	4.2759
5.4382	4.2759
5.4798	4.2344
5.4798	4.2344
5.4798	4.2344
5.5213	4.2344
5.5213	4.2344
5.5213	4.2344
5.5213	4.2344
5.5628	4.1928
5.5628	4.1928
5.5628	4.1928
5.6043	4.1928
5.6043	4.1928
5.6043	4.1928
5.6458	4.1513
5.6458	4.1513
5.6458	4.1513
5.6458	4.1513
5.6873	4.1513
5.6873	4.1513
5.6873	4.1513
5.7288	4.1098
5.7288	4.1098
5.7288	4.1098
5.7703	4.1098
5.7703	4.1098
5.7703	4.1098
5.7703	4.1098
5.8119	4.0683
5.8119	4.0683
5.8119	4.0683
5.8534	4.0683
5.8534	4.0683
5.8534	4.0683
5.8949	4.0683
5.8949	4.0268
5.8949	4.0268
5.9364	4.0268
5.9364	4.0268
5.9364	4.0268
5.9364	4.0268
5.9779	4.0268
5.9779	3.9853
5.9779	3.9853
6.0194	3.9853
6.0194	3.9853
6.0194	3.9853
6.0609	3.9853
6.0609	3.9853
6.0609	3.9438
6.1025	3.9438
6.1025	3.9438
6.1025	3.9438
6.1440	3.9438
6.1440	3.9438
6.1440	3.9438
6.1855	3.9438
6.1855	3.9022
6.1855	3.9022
6.2270	3.9022
6.2270	3.9022
6.2270	3.9022
6.2270	3.9022
6.2685	3.9022
6.2685	3.9022
6.2685	3.8607
6.3100	3.8607
6.3100	3.8607
6.3100	3.8607
6.3515	3.8607
6.3515	3.8607
6.3515	3.8607
6.3930	3.8607
6.3930	3.8192
6.3930	3.8192
6.4346	3.8192
6.4346	3.8192
6.4346	3.8192
6.4761	3.8192
6.4761	3.8192
6.4761	3.8192
6.5176	3.7777
6.5176	3.7777
6.5176	3.7777
6.5591	3.7777
6.5591	3.7777
6.5591	3.7777
6.6006	3.7777
6.6006	3.7777
6.6006	3.7777
6.6421	3.7362
6.6421	3.7362
6.6421	3.7362
6.6836	3.7362
6.6836	3.7362
6.7252	3.7362
6.7252	3.7362
6.7252	3.7362
6.7667	3.7362
6.7667	3.6947
6.7667	3.6947
6.8082	3.6947
6.8082	3.6947
6.8082	3.6947
6.8497	3.6947
6.8497	3.6947
6.8497	3.6947
6.8912	3.6947
6.8912	3.6532
6.8912	3.6532
6.9327	3.6532
6.9327	3.6532
6.9327	3.6532
6.9742	3.6532
6.9742	3.6532
6.9742	3.6532
7.0157	3.6532
7.0157	3.6532
7.0573	3.6117
7.0573	3.6117
7.0573	3.6117
7.0988	3.6117
7.0988	3.6117
7.0988	3.6117
7.1403	3.6117
7.1403	3.6117
7.1403	3.6117
7.1818	3.6117
7.1818	3.5701
7.1818	3.5701
7.2233	3.5701
7.2233	3.5701
7.2648	3.5701
7.2648	3.5701
7.2648	3.5701
7.3063	3.5701
7.3063	3.5701
7.3063	3.5701
7.3479	3.5701
7.3479	3.5286
7.3479	3.5286
7.3894	3.5286
7.3894	3.5286
7.4309	3.5286
7.4309	3.5286
7.4309	3.5286
7.4724	3.5286
7.4724	3.5286
7.4724	3.5286
7.5139	3.5286
7.5139	3.4871
7.5139	3.4871
7.5554	3.4871
7.5554	3.4871
7.5969	3.4871
7.5969	3.4871
7.5969	3.4871
7.6384	3.4871
7.6384	3.4871
7.6384	3.4871
7.6800	3.4871
7.6800	3.4871
7.7215	3.4871
7.7215	3.4456
7.7215	3.4456
7.7630	3.4456
7.7630	3.4456
7.7630	3.4456
7.8045	3.4456
7.8045	3.4456
7.8460	3.4456
7.8460	3.4456
7.8460	3.4456
7.8875	3.4456
7.8875	3.4456
7.9290	3.4456
7.9290	3.4456
7.9290	3.4041
7.9706	3.4041
7.9706	3.4041
7.9706	3.4041
8.0121	3.4041
8.0121	3.4041
8.0536	3.4041
8.0536	3.4041
8.0536	3.4041
8.0951	3.4041
8.0951	3.4041
8.1366	3.4041
8.1366	3.4041
8.1366	3.4041
8.1781	3.4041
8.1781	3.3626
8.1781	3.3626
8.2196	3.3626
8.2196	3.3626
8.2611	3.3626
8.2611	3.3626
8.2611	3.3626
8.3027	3.3626
8.3027	3.3626
8.3442	3.3626
8.3442	3.3626
8.3442	3.3626
8.3857	3.3626
8.3857	3.3626
8.4272	3.3626
8.4272	3.3626
8.4272	3.3626
8.4687	3.3211
8.4687	3.3211
8.5102	3.3211
8.5102	3.3211
8.5102	3.3211
8.5517	3.3211
8.5517	3.3211
8.5933	3.3211
8.5933	3.3211
8.5933	3.3211
8.6348	3.3211
8.6348	3.3211
8.6348	3.3211
8.6763	3.3211
8.6763	3.3211
8.7178	3.3211
8.7178	3.3211
8.7178	3.3211
8.7593	3.3211
8.7593	3.3211
8.8008	3.3211
8.8008	3.3211
8.8423	3.2796
8.8423	3.2796
8.8423	3.2796
8.8838	3.2796
8.8838	3.2796
8.9254	3.2796
8.9254	3.2796
8.9254	3.2796
8.9669	3.2796
8.9669	3.2796
9.0084	3.2796
9.0084	3.2796
9.0084	3.2796
9.0499	3.2796
9.0499	3.2796
9.0914	3.2796
9.0914	3.2796
9.0914	3.2796
9.1329	3.2796
9.1329	3.2796
9.1744	3.2796
9.1744	3.2796
9.1744	3.2796
9.2160	3.2796
9.2160	3.2796
9.2575	3.2796
9.2575	3.2796
9.2990	3.2796
9.2990	3.2796
9.2990	3.2796
9.3405	3.2380
9.3405	3.2380
9.3820	3.2380
9.3820	3.2380
9.3820	3.2380
9.4235	3.2380
9.4235	3.2380
9.4650	3.2380
9.4650	3.2380
9.5065	3.2380
9.5065	3.2380
9.5065	3.2380
9.5481	3.2380
9.5481	3.2380
9.5896	3.2380
9.5896	3.2380
9.5896	3.2380
9.6311	3.2380
9.6311	3.2380
9.6726	3.2380
9.6726	3.2380
9.7141	3.2380
9.7141	3.2380
9.7141	3.2380
9.7556	3.2380
9.7556	3.2380
9.7971	3.2380
9.7971	3.2380
9.7971	3.2380
9.8387	3.2380
9.8387	3.2380
9.8802	3.2380
9.8802	3.2380
9.9217	3.2380
9.9217	3.2380
9.9217	3.2380
9.9632	3.2380
9.9632	3.2380
10.0047	3.2380
10.0047	3.2380
10.0462	3.2380
10.0462	3.2380
10.0462	3.2380
10.0877	3.2380
10.0877	3.2380
10.1292	3.2380
10.1292	3.2380
10.1708	3.2380
10.1708	3.2380
10.1708	3.2380
10.2123	3.2380
10.2123	3.2380
10.2538	3.2380
10.2538	3.2380
10.2953	3.2380
10.2953	3.2380
10.2953	3.2380
10.3368	3.2380
10.3368	3.2380
10.3783	3.2380
10.3783	3.2380
10.4198	3.2380
10.4198	3.2380
10.4198	3.2380
10.4613	3.2380
10.4613	3.2380
10.5029	3.2380
10.5029	3.2380
10.5444	3.2380
10.5444	3.2380
10.5444	3.2380
10.5859	3.2380
10.5859	3.2380
10.6274	3.2380
10.6274	3.2380
10.6689	3.2380
10.6689	3.2380
10.6689	3.2380
10.7104	3.2380
10.7104	3.2380
10.7519	3.2380
10.7519	3.2380
10.7935	3.2380
10.7935	3.2380
10.7935	3.2380
10.8350	3.2380
10.8350	3.2380
10.8765	3.2380
10.8765	3.2380
10.9180	3.2380
10.9180	3.2796
10.9180	3.2796
10.9595	3.2796
10.9595	3.2796
11.0010	3.2796
11.0010	3.2796
11.0010	3.2796
11.0425	3.2796
11.0425	3.2796
11.0840	3.2796
11.0840	3.2796
11.1256	3.2796
11.1256	3.2796
11.1256	3.2796
11.1671	3.2796
11.1671	3.2796
11.2086	3.2796
11.2086	3.2796
11.2086	3.2796
11.2501	3.2796
11.2501	3.2796
11.2916	3.2796
11.2916	3.2796
11.3331	3.2796
11.3331	3.2796
11.3331	3.2796
11.3746	3.2796
11.3746	3.2796
11.4162	3.2796
11.4162	3.3211
11.4162	3.3211
11.4577	3.3211
11.4577	3.3211
11.4992	3.3211
11.4992	3.3211
11.5407	3.3211
11.5407	3.3211
11.5407	3.3211
11.5822	3.3211
11.5822	3.3211
11.6237	3.3211
11.6237	3.3211
11.6237	3.3211
11.6652	3.3211
11.6652	3.3211
11.7067	3.3211
11.7067	3.3211
11.7067	3.3211
11.7483	3.3211
11.7483	3.3626
11.7898	3.3626
11.7898	3.3626
11.7898	3.3626
11.8313	3.3626
11.8313	3.3626
11.8728	3.3626
11.8728	3.3626
11.8728	3.3626
11.9143	3.3626
11.9143	3.3626
11.9558	3.3626
11.9558	3.3626
11.9558	3.3626
11.9973	3.3626
11.9973	3.3626
12.0389	3.3626
12.0389	3.4041
12.0389	3.4041
12.0804	3.4041
12.0804	3.4041
12.1219	3.4041
12.1219	3.4041
12.1219	3.4041
12.1634	3.4041
12.1634	3.4041
12.2049	3.4041
12.2049	3.4041
12.2049	3.4041
12.2464	3.4041
12.2464	3.4041
12.2879	3.4456
12.2879	3.4456
12.2879	3.4456
12.3294	3.4456
12.3294	3.4456
12.3710	3.4456
12.3710	3.4456
12.3710	3.4456
12.4125	3.4456
12.4125	3.4456
12.4540	3.4456
12.4540	3.4456
12.4540	3.4456
12.4955	3.4871
12.4955	3.4871
12.4955	3.4871
12.5370	3.4871
12.5370	3.4871
12.5785	3.4871
12.5785	3.4871
12.5785	3.4871
12.6200	3.4871
12.6200	3.4871
12.6616	3.4871
12.6616	3.4871
12.6616	3.5286
12.7031	3.5286
12.7031	3.5286
12.7031	3.5286
12.7446	3.5286
12.7446	3.5286
12.7861	3.5286
12.7861	3.5286
12.7861	3.5286
12.8276	3.5286
12.8276	3.5286
12.8276	3.5701
12.8691	3.5701
12.8691	3.5701
12.9106	3.5701
12.9106	3.5701
12.9106	3.5701
12.9521	3.5701
12.9521	3.5701
12.9521	3.5701
12.9937	3.5701
12.9937	3.6117
13.0352	3.6117
13.0352	3.6117
13.0352	3.6117
13.0767	3.6117
13.0767	3.6117
13.0767	3.6117
13.1182	3.6117
13.1182	3.6117
13.1597	3.6117
13.1597	3.6532
13.1597	3.6532
13.2012	3.6532
13.2012	3.6532
13.2012	3.6532
13.2427	3.6532
13.2427	3.6532
13.2427	3.6532
13.2843	3.6532
13.2843	3.6947
13.3258	3.6947
13.3258	3.6947
13.3258	3.6947
13.3673	3.6947
13.3673	3.6947
13.3673	3.6947
13.4088	3.6947
13.4088	3.6947
13.4088	3.7362
13.4503	3.7362
13.4503	3.7362
13.4918	3.7362
13.4918	3.7362
13.4918	3.7362
13.5333	3.7362
13.5333	3.7362
13.5333	3.7777
13.5748	3.7777
13.5748	3.7777
13.5748	3.7777
13.6164	3.7777
13.6164	3.7777
13.6164	3.7777
13.6579	3.7777
13.6579	3.8192
13.6579	3.8192
13.6994	3.8192
13.6994	3.8192
13.7409	3.8192
13.7409	3.8192
13.7409	3.8192
13.7824	3.8192
13.7824	3.8607
13.7824	3.8607
13.8239	3.8607
13.8239	3.8607
13.8239	3.8607
13.8654	3.8607
13.8654	3.8607
13.8654	3.8607
13.9070	3.9022
13.9070	3.9022
13.9070	3.9022
13.9485	3.9022
13.9485	3.9022
13.9485	3.9022
13.9900	3.9022
13.9900	3.9438
13.9900	3.9438
14.0315	3.9438
14.0315	3.9438
14.0315	3.9438
14.0730	3.9438
14.0730	3.9438
14.0730	3.9853
14.1145	3.9853
14.1145	3.9853
14.1145	3.9853
14.1560	3.9853
14.1560	3.9853
14.1560	3.9853
14.1975	4.0268
14.1975	4.0268
14.1975	4.0268
14.2391	4.0268
14.2391	4.0268
14.2391	4.0268
14.2806	4.0268
14.2806	4.0683
14.2806	4.0683
14.3221	4.0683
14.3221	4.0683
14.3221	4.0683
14.3636	4.0683
14.3636	4.1098
14.3636	4.1098
14.4051	4.1098
14.4051	4.1098
14.4051	4.1098
14.4466	4.1098
14.4466	4.1098
14.4466	4.1513
14.4881	4.1513
14.4881	4.1513
14.4881	4.1513
14.5297	4.1513
14.5297	4.1513
14.5297	4.1928
14.5297	4.1928
14.5712	4.1928
14.5712	4.1928
14.5712	4.1928
14.6127	4.1928
14.6127	4.2344
14.6127	4.2344
14.6542	4.2344
14.6542	4.2344
14.6542	4.2344
14.6957	4.2344
14.6957	4.2759
14.6957	4.2759
14.6957	4.2759
14.7372	4.2759
14.7372	4.2759
14.7372	4.2759
14.7787	4.3174
14.7787	4.3174
14.7787	4.3174
14.8202	4.3174
14.8202	4.3174
14.8202	4.3174
14.8618	4.3589
14.8618	4.3589
14.8618	4.3589
14.8618	4.3589
14.9033	4.3589
14.9033	4.3589
14.9033	4.4004
14.9448	4.4004
14.9448	4.4004
14.9448	4.4004
14.9863	4.4004
14.9863	4.4004
14.9863	4.4419
14.9863	4.4419
15.0278	4.4419
15.0278	4.4419
15.0278	4.4419
15.0693	4.4834
15.0693	4.4834
15.0693	4.4834
15.0693	4.4834
15.1108	4.4834
15.1108	4.4834
15.1108	4.5249
15.1524	4.5249
15.1524	4.5249
15.1524	4.5249
15.1524	4.5249
15.1939	4.5665
15.1939	4.5665
15.1939	4.5665
15.2354	4.5665
15.2354	4.5665
15.2354	4.6080
15.2354	4.6080
15.2769	4.6080
15.2769	4.6080
15.2769	4.6080
15.3184	4.6495
15.3184	4.6495
15.3184	4.6495
15.3184	4.6495
15.3599	4.6495
15.3599	4.6495
15.3599	4.6910
15.3599	4.6910
15.4014	4.6910
15.4014	4.6910
15.4014	4.6910
15.4429	4.7325
15.4429	4.7325
15.4429	4.7325
15.4429	4.7325
15.4845	4.7325
15.4845	4.7740
15.4845	4.7740
15.4845	4.7740
15.5260	4.7740
15.5260	4.7740
15.5260	4.8155
15.5260	4.8155
15.5675	4.8155
15.5675	4.8155
15.5675	4.8155
15.5675	4.8571
15.6090	4.8571
15.6090	4.8571
15.6090	4.8571
15.6505	4.8571
15.6505	4.8986
15.6505	4.8986
15.6505	4.8986
15.6920	4.8986
15.6920	4.9401
15.6920	4.9401
15.6920	4.9401
15.7335	4.9401
15.7335	4.9401
15.7335	4.9816
15.7335	4.9816
15.7751	4.9816
15.7751	4.9816
15.7751	4.9816
15.7751	5.0231
15.8166	5.0231
15.8166	5.0231
15.8166	5.0231
15.8166	5.0646
15.8581	5.0646
15.8581	5.0646
15.8581	5.0646
15.8581	5.0646
15.8996	5.1061
15.8996	5.1061
15.8996	5.1061
15.8996	5.1061
15.8996	5.1061
15.9411	5.1476
15.9411	5.1476
15.9411	5.1476
15.9411	5.1476
15.9826	5.1892
15.9826	5.1892
15.9826	5.1892
15.9826	5.1892
16.0241	5.1892
16.0241	5.2307
16.0241	5.2307
16.0241	5.2307
16.0241	5.2307
16.0656	5.2722
16.0656	5.2722
16.0656	5.2722
16.0656	5.2722
16.1072	5.3137
16.1072	5.3137
16.1072	5.3137
16.1072	5.3137
16.1487	5.3137
16.1487	5.3552
16.1487	5.3552
16.1487	5.3552
16.1487	5.3552
16.1902	5.3967
16.1902	5.3967
16.1902	5.3967
16.1902	5.3967
16.1902	5.4382
16.2317	5.4382
16.2317	5.4382
16.2317	5.4382
16.2317	5.4382
16.2732	5.4798
16.2732	5.4798
16.2732	5.4798
16.2732	5.4798
16.2732	5.5213
16.3147	5.5213
16.3147	5.5213
16.3147	5.5213
16.3147	5.5628
16.3147	5.5628
16.3562	5.5628
16.3562	5.5628
16.3562	5.6043
16.3562	5.6043
16.3562	5.6043
16.3978	5.6043
16.3978	5.6458
16.3978	5.6458
16.3978	5.6458
16.3978	5.6458
16.4393	5.6458
16.4393	5.6873
16.4393	5.6873
16.4393	5.6873
16.4393	5.6873
16.4808	5.7288
16.4808	5.7288
16.4808	5.7288
16.4808	5.7288
16.4808	5.7703
16.5223	5.7703
16.5223	5.7703
16.5223	5.7703
16.5223	5.8119
16.5223	5.8119
16.5638	5.8119
16.5638	5.8119
16.5638	5.8534
16.5638	5.8534
16.5638	5.8534
16.5638	5.8534
16.6053	5.8949
16.6053	5.8949
16.6053	5.8949
16.6053	5.8949
16.6053	5.9364
16.6468	5.9364
16.6468	5.9364
16.6468	5.9779
16.6468	5.9779
16.6468	5.9779
16.6468	5.9779
16.6883	6.0194
16.6883	6.0194
16.6883	6.0194
16.6883	6.0194
16.6883	6.0609
16.6883	6.0609
16.7299	6.0609
16.7299	6.0609
16.7299	6.1025
16.7299	6.1025
16.7299	6.1025
16.7299	6.1025
16.7714	6.1440
16.7714	6.1440
16.7714	6.1440
16.7714	6.1440
16.7714	6.1855
16.7714	6.1855
16.8129	6.1855
16.8129	6.1855
16.8129	6.2270
16.8129	6.2270
16.8129	6.2270
16.8129	6.2685
16.8544	6.2685
16.8544	6.2685
16.8544	6.2685
16.8544	6.3100
16.8544	6.3100
16.8544	6.3100
16.8544	6.3100
16.8959	6.3515
16.8959	6.3515
16.8959	6.3515
16.8959	6.3930
16.8959	6.3930
16.8959	6.3930
16.8959	6.3930
16.9374	6.4346
16.9374	6.4346
16.9374	6.4346
16.9374	6.4346
16.9374	6.4761
16.9374	6.4761
16.9789	6.4761
16.9789	6.4761
16.9789	6.5176
16.9789	6.5176
16.9789	6.5176
16.9789	6.5591
16.9789	6.5591
16.9789	6.5591
17.0204	6.5591
17.0204	6.6006
17.0204	6.6006
17.0204	6.6006
17.0204	6.6421
17.0204	6.6421
17.0204	6.6421
17.0620	6.6421
17.0620	6.6836
17.0620	6.6836
17.0620	6.6836
17.0620	6.6836
17.0620	6.7252
17.0620	6.7252
17.1035	6.7252
17.1035	6.7667
17.1035	6.7667
17.1035	6.7667
17.1035	6.7667
17.1035	6.8082
17.1035	6.8082
17.1035	6.8082
17.1450	6.8497
17.1450	6.8497
17.1450	6.8497
17.1450	6.8497
17.1450	6.8912
17.1450	6.8912
17.1450	6.8912
17.1450	6.9327
17.1865	6.9327
17.1865	6.9327
17.1865	6.9327
17.1865	6.9742
17.1865	6.9742
17.1865	6.9742
17.1865	6.9742
17.1865	7.0157
17.1865	7.0157
17.2280	7.0157
17.2280	7.0573
17.2280	7.0573
17.2280	7.0573
17.2280	7.0573
17.2280	7.0988
17.2280	7.0988
17.2280	7.0988
17.2695	7.1403
17.2695	7.1403
17.2695	7.1403
17.2695	7.1818
17.2695	7.1818
17.2695	7.1818
17.2695	7.1818
17.2695	7.2233
17.2695	7.2233
17.3110	7.2233
17.3110	7.2648
17.3110	7.2648
17.3110	7.2648
17.3110	7.2648
17.3110	7.3063
17.3110	7.3063
17.3110	7.3063
17.3110	7.3479
17.3110	7.3479
17.3526	7.3479
17.3526	7.3479
17.3526	7.3894
17.3526	7.3894
17.3526	7.3894
17.3526	7.4309
17.3526	7.4309
17.3526	7.4309
17.3526	7.4309
17.3526	7.4724
17.3941	7.4724
17.3941	7.4724
17.3941	7.5139
17.3941	7.5139
17.3941	7.5139
17.3941	7.5554
17.3941	7.5554
17.3941	7.5554
17.3941	7.5554
17.3941	7.5969
17.3941	7.5969
17.4356	7.5969
17.4356	7.6384
17.4356	7.6384
17.4356	7.6384
17.4356	7.6384
17.4356	7.6800
17.4356	7.6800
17.4356	7.6800
17.4356	7.7215
17.4356	7.7215
17.4356	7.7215
17.4356	7.7630
17.4771	7.7630
17.4771	7.7630
17.4771	7.7630
17.4771	7.8045
17.4771	7.8045
17.4771	7.8045
17.4771	7.8460
17.4771	7.8460
17.4771	7.8460
17.4771	7.8875
17.4771	7.8875
17.4771	7.8875
17.4771	7.8875
17.5186	7.9290
17.5186	7.9290
17.5186	7.9290
17.5186	7.9706
17.5186	7.9706
17.5186	7.9706
17.5186	8.0121
17.5186	8.0121
17.5186	8.0121
17.5186	8.0121
17.5186	8.0536
17.5186	8.0536
17.5186	8.0536
17.5186	8.0951
17.5601	8.0951
17.5601	8.0951
17.5601	8.1366
17.5601	8.1366
17.5601	8.1366
17.5601	8.1781
17.5601	8.1781
17.5601	8.1781
17.5601	8.1781
17.5601	8.2196
17.5601	8.2196
17.5601	8.2196
17.5601	8.2611
17.5601	8.2611
17.5601	8.2611
17.5601	8.3027
17.5601	8.3027
17.6016	8.3027
17.6016	8.3027
17.6016	8.3442
17.6016	8.3442
17.6016	8.3442
17.6016	8.3857
17.6016	8.3857
17.6016	8.3857
17.6016	8.4272
17.6016	8.4272
17.6016	8.4272
17.6016	8.4687
17.6016	8.4687
17.6016	8.4687
17.6016	8.4687
17.6016	8.5102
17.6016	8.5102
17.6016	8.5102
17.6016	8.5517
17.6016	8.5517
17.6431	8.5517
17.6431	8.5933
17.6431	8.5933
17.6431	8.5933
17.6431	8.6348
17.6431	8.6348
17.6431	8.6348
17.6431	8.6348
17.6431	8.6763
17.6431	8.6763
17.6431	8.6763
17.6431	8.7178
17.6431	8.7178
17.6431	8.7178
17.6431	8.7593
17.6431	8.7593
17.6431	8.7593
17.6431	8.8008
17.6431	8.8008
17.6431	8.8008
17.6431	8.8008
17.6431	8.8423
17.6431	8.8423
17.6431	8.8423
17.6431	8.8838
17.6431	8.8838
17.6431	8.8838
17.6431	8.9254
17.6431	8.9254
17.6847	8.9254
17.6847	8.9669
17.6847	8.9669
17.6847	8.9669
17.6847	9.0084
17.6847	9.0084
17.6847	9.0084
17.6847	9.0084
17.6847	9.0499
17.6847	9.0499
17.6847	9.0499
17.6847	9.0914
17.6847	9.0914
17.6847	9.0914
17.6847	9.1329
17.6847	9.1329
17.6847	9.1329
17.6847	9.1744
17.6847	9.1744
17.6847	9.1744
17.6847	9.2160
17.6847	9.2160
17.6847	9.2160
17.6847	9.2160
17.6847	9.2575
17.6847	9.2575
17.6847	9.2575
17.6847	9.2990
17.6847	9.2990
17.6847	9.2990
17.6847	9.3405
17.6847	9.3405
17.6847	9.3405
17.6847	9.3820
17.6847	9.3820
17.6847	9.3820
17.6847	9.4235
17.6847	9.4235
17.6847	9.4235
17.6847	9.4650
17.6847	9.4650
17.6847	9.4650
17.6847	9.4650
17.6847	9.5065
17.6847	9.5065
17.6847	9.5065
17.6847	9.5481
17.6847	9.5481
17.6847	9.5481
17.6847	9.5896
17.6847	9.5896
17.6847	9.5896
17.6847	9.6311
17.6847	9.6311
17.6847	9.6311
17.6847	9.6726
17.6847	9.6726
17.6847	9.6726
17.6847	9.6726
17.6847	9.7141
17.6847	9.7141
17.6847	9.7141
17.6847	9.7556
17.6847	9.7556
17.6847	9.7556
17.6847	9.7971
17.6847	9.7971
17.6847	9.7971
17.6847	9.8387
17.6847	9.8387
17.6847	9.8387
17.6847	9.8802
17.6847	9.8802
17.6847	9.8802
17.6847	9.9217
17.6847	9.9217
17.6847	9.9217
17.6847	9.9217
17.6847	9.9632
17.6847	9.9632
17.6847	9.9632
17.6847	10.0047
17.6847	10.0047
17.6847	10.0047
17.6431	10.0462
17.6431	10.0462
17.6431	10.0462
17.6431	10.0877
17.6431	10.0877
17.6431	10.0877
17.6431	10.1292
17.6431	10.1292
17.6431	10.1292
17.6431	10.1708
17.6431	10.1708
17.6431	10.1708
17.6431	10.1708
17.6431	10.2123
17.6431	10.2123
17.6431	10.2123
17.6431	10.2538
17.6431	10.2538
17.6431	10.2538
17.6431	10.2953
17.6431	10.2953
17.6431	10.2953
17.6431	10.3368
17.6431	10.3368
17.6431	10.3368
17.6431	10.3783
17.6431	10.3783
17.6431	10.3783
17.6431	10.4198
17.6016	10.4198
17.6016	10.4198
17.6016	10.4613
17.6016	10.4613
17.6016	10.4613
17.6016	10.4613
17.6016	10.5029
17.6016	10.5029
17.6016	10.5029
17.6016	10.5444
17.6016	10.5444
17.6016	10.5444
17.6016	10.5859
17.6016	10.5859
17.6016	10.5859
17.6016	10.6274
17.6016	10.6274
17.6016	10.6274
17.6016	10.6689
17.6016	10.6689
17.5601	10.6689
17.5601	10.6689
17.5601	10.7104
17.5601	10.7104
17.5601	10.7104
17.5601	10.7519
17.5601	10.7519
17.5601	10.7519
17.5601	10.7935
17.5601	10.7935
17.5601	10.7935
17.5601	10.8350
17.5601	10.8350
17.5601	10.8350
17.5601	10.8765
17.5601	10.8765
17.5601	10.8765
17.5186	10.9180
17.5186	10.9180
17.5186	10.9180
17.5186	10.9180
17.5186	10.9595
17.5186	10.9595
17.5186	10.9595
17.5186	11.0010
17.5186	11.0010
17.5186	11.0010
17.5186	11.0425
17.5186	11.0425
17.5186	11.0425
17.5186	11.0840
17.4771	11.0840
17.4771	11.0840
17.4771	11.1256
17.4771	11.1256
17.4771	11.1256
17.4771	11.1256
17.4771	11.1671
17.4771	11.1671
17.4771	11.1671
17.4771	11.2086
17.4771	11.2086
17.4771	11.2086
17.4771	11.2501
17.4356	11.2501
17.4356	11.2501
17.4356	11.2916
17.4356	11.2916
17.4356	11.2916
17.4356	11.3331
17.4356	11.3331
17.4356	11.3331
17.4356	11.3746
17.4356	11.3746
17.4356	11.3746
17.4356	11.3746
17.3941	11.4162
17.3941	11.4162
17.3941	11.4162
17.3941	11.4577
17.3941	11.4577
17.3941	11.4577
17.3941	11.4992
17.3941	11.4992
17.3941	11.4992
17.3941	11.5407
17.3941	11.5407
17.3526	11.5407
17.3526	11.5407
17.3526	11.5822
17.3526	11.5822
17.3526	11.5822
17.3526	11.6237
17.3526	11.6237
17.3526	11.6237
17.3526	11.6652
17.3526	11.6652
17.3110	11.6652
17.3110	11.7067
17.3110	11.7067
17.3110	11.7067
17.3110	11.7483
17.3110	11.7483
17.3110	11.7483
17.3110	11.7483
17.3110	11.7898
17.2695	11.7898
17.2695	11.7898
17.2695	11.8313
17.2695	11.8313
17.2695	11.8313
17.2695	11.8728
17.2695	11.8728
17.2695	11.8728
17.2695	11.9143
17.2695	11.9143
17.2280	11.9143
17.2280	11.9143
17.2280	11.9558
17.2280	11.9558
17.2280	11.9558
17.2280	11.9973
17.2280	11.9973
17.2280	11.9973
17.1865	12.0389
17.1865	12.0389
17.1865	12.0389
17.1865	12.0389
17.1865	12.0804
17.1865	12.0804
17.1865	12.0804
17.1865	12.1219
17.1865	12.1219
17.1450	12.1219
17.1450	12.1634
17.1450	12.1634
17.1450	12.1634
17.1450	12.2049
17.1450	12.2049
17.1450	12.2049
17.1450	12.2049
17.1035	12.2464
17.1035	12.2464
17.1035	12.2464
17.1035	12.2879
17.1035	12.2879
17.1035	12.2879
17.1035	12.3294
17.0620	12.3294
17.0620	12.3294
17.0620	12.3294
17.0620	12.3710
17.0620	12.3710
17.0620	12.3710
17.0620	12.4125
17.0620	12.4125
17.0204	12.4125
17.0204	12.4540
17.0204	12.4540
17.0204	12.4540
17.0204	12.4540
17.0204	12.4955
17.0204	12.4955
16.9789	12.4955
16.9789	12.5370
16.9789	12.5370
16.9789	12.5370
16.9789	12.5785
16.9789	12.5785
16.9789	12.5785
16.9374	12.5785
16.9374	12.6200
