17.7262	10.5029
17.7262	10.5029
17.7262	10.5444
17.7262	10.5444
17.7262	10.5859
17.7262	10.5859
17.7262	10.6274
17.6847	10.6274
17.6847	10.6689
17.6847	10.6689
17.6847	10.7104
17.6847	10.7104
17.6847	10.7519
17.6847	10.7519
17.6847	10.7519
17.6847	10.7935
17.6847	10.7935
17.6847	10.8350
17.6847	10.8350
17.6847	10.8765
17.6847	10.8765
17.6847	10.9180
17.6847	10.9180
17.6431	10.9595
17.6431	10.9595
17.6431	11.0010
17.6431	11.0010
17.6431	11.0010
17.6431	11.0425
17.6431	11.0425
17.6431	11.0840
17.6431	11.0840
17.6431	11.1256
17.6431	11.1256
17.6431	11.1671
17.6431	11.1671
17.6016	11.2086
17.6016	11.2086
17.6016	11.2086
17.6016	11.2501
17.6016	11.2501
17.6016	11.2916
17.6016	11.2916
17.6016	11.3331
17.6016	11.3331
17.6016	11.3746
17.6016	11.3746
17.5601	11.3746
17.5601	11.4162
17.5601	11.4162
17.5601	11.4577
17.5601	11.4577
17.5601	11.4992
17.5601	11.4992
17.5601	11.5407
17.5601	11.5407
17.5186	11.5822
17.5186	11.5822
17.5186	11.5822
17.5186	11.6237
17.5186	11.6237
17.5186	11.6652
17.5186	11.6652
17.5186	11.7067
17.5186	11.7067
17.4771	11.7483
17.4771	11.7483
17.4771	11.7483
17.4771	11.7898
17.4771	11.7898
17.4771	11.8313
17.4771	11.8313
17.4356	11.8728
17.4356	11.8728
17.4356	11.8728
17.4356	11.9143
17.4356	11.9143
17.4356	11.9558
17.4356	11.9558
17.4356	11.9973
17.3941	11.9973
17.3941	12.0389
17.3941	12.0389
17.3941	12.0389
17.3941	12.0804
17.3941	12.0804
17.3941	12.1219
17.3526	12.1219
17.3526	12.1634
17.3526	12.1634
17.3526	12.1634
17.3526	12.2049
17.3526	12.2049
17.3110	12.2464
17.3110	12.2464
17.3110	12.2879
17.3110	12.2879
17.3110	12.2879
17.3110	12.3294
17.2695	12.3294
17.2695	12.3710
17.2695	12.3710
17.2695	12.4125
17.2695	12.4125
17.2695	12.4125
17.2280	12.4540
17.2280	12.4540
17.2280	12.4955
17.2280	12.4955
17.2280	12.4955
17.2280	12.5370
17.1865	12.5370
17.1865	12.5785
17.1865	12.5785
17.1865	12.6200
17.1865	12.6200
17.1450	12.6200
17.1450	12.6616
17.1450	12.6616
17.1450	12.7031
17.1450	12.7031
17.1450	12.7031
17.1035	12.7446
17.1035	12.7446
17.1035	12.7861
17.1035	12.7861
17.1035	12.8276
17.0620	12.8276
17.0620	12.8276
17.0620	12.8691
17.0620	12.8691
17.0620	12.9106
17.0204	12.9106
17.0204	12.9106
17.0204	12.9521
17.0204	12.9521
16.9789	12.9937
16.9789	12.9937
16.9789	12.9937
16.9789	13.0352
16.9789	13.0352
16.9374	13.0767
16.9374	13.0767
16.9374	13.0767
16.9374	13.1182
16.9374	13.1182
16.8959	13.1597
16.8959	13.1597
16.8959	13.1597
16.8959	13.2012
16.8544	13.2012
16.8544	13.2427
16.8544	13.2427
16.8544	13.2427
16.8544	13.2843
16.8129	13.2843
16.8129	13.3258
16.8129	13.3258
16.8129	13.3258
16.7714	13.3673
16.7714	13.3673
16.7714	13.3673
16.7714	13.4088
16.7299	13.4088
16.7299	13.4503
16.7299	13.4503
16.7299	13.4503
16.6883	13.4918
16.6883	13.4918
16.6883	13.5333
16.6883	13.5333
16.6468	13.5333
16.6468	13.5748
16.6468	13.5748
16.6468	13.5748
16.6053	13.6164
16.6053	13.6164
16.6053	13.6579
16.6053	13.6579
16.5638	13.6579
16.5638	13.6994
16.5638	13.6994
16.5638	13.6994
16.5223	13.7409
16.5223	13.7409
16.5223	13.7824
16.5223	13.7824
16.4808	13.7824
16.4808	13.8239
16.4808	13.8239
16.4393	13.8239
16.4393	13.8654
16.4393	13.8654
16.4393	13.9070
16.3978	13.9070
16.3978	13.9070
16.3978	13.9485
16.3978	13.9485
16.3562	13.9485
16.3562	13.9900
16.3562	13.9900
16.3147	13.9900
16.3147	14.0315
16.3147	14.0315
16.3147	14.0315
16.2732	14.0730
16.2732	14.0730
16.2732	14.1145
16.2317	14.1145
16.2317	14.1145
16.2317	14.1560
16.2317	14.1560
16.1902	14.1560
16.1902	14.1975
16.1902	14.1975
16.1487	14.1975
16.1487	14.2391
16.1487	14.2391
16.1072	14.2391
16.1072	14.2806
16.1072	14.2806
16.1072	14.2806
16.0656	14.3221
16.0656	14.3221
16.0656	14.3221
16.0241	14.3636
16.0241	14.3636
16.0241	14.3636
15.9826	14.4051
15.9826	14.4051
15.9826	14.4051
15.9411	14.4466
15.9411	14.4466
15.9411	14.4466
15.9411	14.4881
15.8996	14.4881
15.8996	14.4881
15.8996	14.5297
15.8581	14.5297
15.8581	14.5297
15.8581	14.5712
15.8166	14.5712
15.8166	14.5712
15.8166	14.6127
15.7751	14.6127
15.7751	14.6127
15.7751	14.6542
15.7335	14.6542
15.7335	14.6542
15.7335	14.6957
15.6920	14.6957
15.6920	14.6957
15.6920	14.7372
15.6505	14.7372
15.6505	14.7372
15.6505	14.7372
15.6090	14.7787
15.6090	14.7787
15.6090	14.7787
15.5675	14.8202
15.5675	14.8202
15.5675	14.8202
15.5260	14.8618
15.5260	14.8618
15.5260	14.8618
15.4845	14.9033
15.4845	14.9033
15.4845	14.9033
15.4429	14.9033
15.4429	14.9448
15.4014	14.9448
15.4014	14.9448
15.4014	14.9863
15.3599	14.9863
15.3599	14.9863
15.3599	15.0278
15.3184	15.0278
15.3184	15.0278
15.3184	15.0278
15.2769	15.0693
15.2769	15.0693
15.2769	15.0693
15.2354	15.1108
15.2354	15.1108
15.1939	15.1108
15.1939	15.1108
15.1939	15.1524
15.1524	15.1524
15.1524	15.1524
15.1524	15.1939
15.1108	15.1939
15.1108	15.1939
15.1108	15.1939
15.0693	15.2354
15.0693	15.2354
15.0278	15.2354
15.0278	15.2354
15.0278	15.2769
14.9863	15.2769
14.9863	15.2769
14.9863	15.3184
14.9448	15.3184
14.9448	15.3184
14.9033	15.3184
14.9033	15.3599
14.9033	15.3599
14.8618	15.3599
14.8618	15.3599
14.8202	15.4014
14.8202	15.4014
14.8202	15.4014
14.7787	15.4014
14.7787	15.4429
14.7787	15.4429
14.7372	15.4429
14.7372	15.4429
14.6957	15.4845
14.6957	15.4845
14.6957	15.4845
14.6542	15.5260
14.6542	15.5260
14.6127	15.5260
14.6127	15.5260
14.6127	15.5260
14.5712	15.5675
14.5712	15.5675
14.5297	15.5675
14.5297	15.5675
14.5297	15.6090
14.4881	15.6090
14.4881	15.6090
14.4466	15.6090
14.4466	15.6505
14.4466	15.6505
14.4051	15.6505
14.4051	15.6505
14.3636	15.6920
14.3636	15.6920
14.3636	15.6920
14.3221	15.6920
14.3221	15.7335
14.2806	15.7335
14.2806	15.7335
14.2391	15.7335
14.2391	15.7335
14.2391	15.7751
14.1975	15.7751
14.1975	15.7751
14.1560	15.7751
14.1560	15.8166
14.1560	15.8166
14.1145	15.8166
14.1145	15.8166
14.0730	15.8166
14.0730	15.8581
14.0315	15.8581
14.0315	15.8581
14.0315	15.8581
13.9900	15.8581
13.9900	15.8996
13.9485	15.8996
13.9485	15.8996
13.9485	15.8996
13.9070	15.9411
13.9070	15.9411
13.8654	15.9411
13.8654	15.9411
13.8239	15.9411
13.8239	15.9826
13.7824	15.9826
13.7824	15.9826
13.7824	15.9826
13.7409	15.9826
13.7409	15.9826
13.6994	16.0241
13.6994	16.0241
13.6579	16.0241
13.6579	16.0241
13.6579	16.0241
13.6164	16.0656
13.6164	16.0656
13.5748	16.0656
13.5748	16.0656
13.5333	16.0656
13.5333	16.1072
13.5333	16.1072
13.4918	16.1072
13.4918	16.1072
13.4503	16.1072
13.4503	16.1072
13.4088	16.1487
13.4088	16.1487
13.3673	16.1487
13.3673	16.1487
13.3258	16.1487
13.3258	16.1487
13.3258	16.1902
13.2843	16.1902
13.2843	16.1902
13.2427	16.1902
13.2427	16.1902
13.2012	16.1902
13.2012	16.2317
13.1597	16.2317
13.1597	16.2317
13.1597	16.2317
13.1182	16.2317
13.1182	16.2317
13.0767	16.2732
13.0767	16.2732
13.0352	16.2732
13.0352	16.2732
12.9937	16.2732
12.9937	16.2732
12.9521	16.2732
12.9521	16.3147
12.9521	16.3147
12.9106	16.3147
12.9106	16.3147
12.8691	16.3147
12.8691	16.3147
12.8276	16.3147
12.8276	16.3562
12.7861	16.3562
12.7861	16.3562
12.7446	16.3562
12.7446	16.3562
12.7031	16.3562
12.7031	16.3562
12.6616	16.3978
12.6616	16.3978
12.6616	16.3978
12.6200	16.3978
12.6200	16.3978
12.5785	16.3978
12.5785	16.3978
12.5370	16.3978
12.5370	16.4393
12.4955	16.4393
12.4955	16.4393
12.4540	16.4393
12.4540	16.4393
12.4125	16.4393
12.4125	16.4393
12.3710	16.4393
12.3710	16.4393
12.3294	16.4808
12.3294	16.4808
12.2879	16.4808
12.2879	16.4808
12.2879	16.4808
12.2464	16.4808
12.2464	16.4808
12.2049	16.4808
12.2049	16.4808
12.1634	16.5223
12.1634	16.5223
12.1219	16.5223
12.1219	16.5223
12.0804	16.5223
12.0804	16.5223
12.0389	16.5223
12.0389	16.5223
11.9973	16.5223
11.9973	16.5223
11.9558	16.5223
11.9558	16.5638
11.9143	16.5638
11.9143	16.5638
11.8728	16.5638
11.8728	16.5638
11.8313	16.5638
11.8313	16.5638
11.7898	16.5638
11.7898	16.5638
11.7483	16.5638
11.7483	16.5638
11.7067	16.5638
11.7067	16.6053
11.7067	16.6053
11.6652	16.6053
11.6652	16.6053
11.6237	16.6053
11.6237	16.6053
11.5822	16.6053
11.5822	16.6053
11.5407	16.6053
11.5407	16.6053
11.4992	16.6053
11.4992	16.6053
11.4577	16.6053
11.4577	16.6053
11.4162	16.6053
11.4162	16.6468
11.3746	16.6468
11.3746	16.6468
11.3331	16.6468
11.3331	16.6468
11.2916	16.6468
11.2916	16.6468
11.2501	16.6468
11.2501	16.6468
11.2086	16.6468
11.2086	16.6468
11.1671	16.6468
11.1671	16.6468
11.1256	16.6468
11.1256	16.6468
11.0840	16.6468
11.0840	16.6468
11.0425	16.6468
11.0425	16.6468
11.0010	16.6468
11.0010	16.6468
10.9595	16.6468
10.9595	16.6468
10.9180	16.6468
10.9180	16.6883
10.8765	16.6883
10.8765	16.6883
10.8350	16.6883
10.8350	16.6883
10.7935	16.6883
10.7935	16.6883
10.7519	16.6883
10.7519	16.6883
10.7104	16.6883
10.7104	16.6883
10.6689	16.6883
10.6689	16.6883
10.6274	16.6883
10.6274	16.6883
10.5859	16.6883
10.5859	16.6883
10.5444	16.6883
10.5444	16.6883
10.5029	16.6883
10.5029	16.6883
10.4613	16.6883
10.4613	16.6883
10.4198	16.6883
10.4198	16.6883
10.3783	16.6883
10.3783	16.6883
10.3368	16.6883
10.3368	16.6883
10.2953	16.6883
10.2953	16.6883
10.2538	16.6883
10.2538	16.6883
10.2123	16.6883
10.2123	16.6883
10.1708	16.6883
10.1708	16.6883
10.1292	16.6883
10.1292	16.6883
10.0877	16.6883
10.0877	16.6883
10.0462	16.6883
10.0462	16.6883
10.0047	16.6883
10.0047	16.6883
9.9632	16.6883
9.9632	16.6883
9.9632	16.6883
9.9217	16.6883
9.9217	16.6883
9.8802	16.6883
9.8802	16.6883
9.8387	16.6883
9.8387	16.6883
9.7971	16.6883
9.7971	16.6883
9.7556	16.6883
9.7556	16.6883
9.7141	16.6883
9.7141	16.6883
9.6726	16.6883
9.6726	16.6883
9.6311	16.6883
9.6311	16.6883
9.5896	16.6883
9.5896	16.6883
9.5481	16.6883
9.5481	16.6468
9.5065	16.6468
9.5065	16.6468
9.4650	16.6468
9.4650	16.6468
9.4235	16.6468
9.4235	16.6468
9.3820	16.6468
9.3820	16.6468
9.3405	16.6468
9.3405	16.6468
9.2990	16.6468
9.2990	16.6468
9.2575	16.6468
9.2575	16.6468
9.2160	16.6468
9.2160	16.6468
9.1744	16.6468
9.1744	16.6468
9.1744	16.6468
9.1329	16.6468
9.1329	16.6468
9.0914	16.6468
9.0914	16.6053
9.0499	16.6053
9.0499	16.6053
9.0084	16.6053
9.0084	16.6053
8.9669	16.6053
8.9669	16.6053
8.9254	16.6053
8.9254	16.6053
8.8838	16.6053
8.8838	16.6053
8.8423	16.6053
8.8423	16.6053
8.8008	16.6053
8.8008	16.6053
8.7593	16.6053
8.7593	16.6053
8.7178	16.5638
8.7178	16.5638
8.7178	16.5638
8.6763	16.5638
8.6763	16.5638
8.6348	16.5638
8.6348	16.5638
8.5933	16.5638
8.5933	16.5638
8.5517	16.5638
8.5517	16.5638
8.5102	16.5638
8.5102	16.5638
8.4687	16.5223
8.4687	16.5223
8.4272	16.5223
8.4272	16.5223
8.3857	16.5223
8.3857	16.5223
8.3857	16.5223
8.3442	16.5223
8.3442	16.5223
8.3027	16.5223
8.3027	16.5223
8.2611	16.4808
8.2611	16.4808
8.2196	16.4808
8.2196	16.4808
8.1781	16.4808
8.1781	16.4808
8.1366	16.4808
8.1366	16.4808
8.1366	16.4808
8.0951	16.4808
8.0951	16.4808
8.0536	16.4393
8.0536	16.4393
8.0121	16.4393
8.0121	16.4393
7.9706	16.4393
7.9706	16.4393
7.9290	16.4393
7.9290	16.4393
7.8875	16.4393
7.8875	16.3978
7.8875	16.3978
7.8460	16.3978
7.8460	16.3978
7.8045	16.3978
7.8045	16.3978
7.7630	16.3978
7.7630	16.3978
7.7215	16.3978
7.7215	16.3562
7.6800	16.3562
7.6800	16.3562
7.6800	16.3562
7.6384	16.3562
7.6384	16.3562
7.5969	16.3562
7.5969	16.3562
7.5554	16.3147
7.5554	16.3147
7.5139	16.3147
7.5139	16.3147
7.5139	16.3147
7.4724	16.3147
7.4724	16.3147
7.4309	16.3147
7.4309	16.2732
7.3894	16.2732
7.3894	16.2732
7.3479	16.2732
7.3479	16.2732
7.3479	16.2732
7.3063	16.2732
7.3063	16.2732
7.2648	16.2317
7.2648	16.2317
7.2233	16.2317
7.2233	16.2317
7.2233	16.2317
7.1818	16.2317
7.1818	16.2317
7.1403	16.1902
7.1403	16.1902
7.0988	16.1902
7.0988	16.1902
7.0573	16.1902
7.0573	16.1902
7.0573	16.1487
7.0157	16.1487
7.0157	16.1487
6.9742	16.1487
6.9742	16.1487
6.9327	16.1487
6.9327	16.1487
6.9327	16.1072
6.8912	16.1072
6.8912	16.1072
6.8497	16.1072
6.8497	16.1072
6.8497	16.1072
6.8082	16.0656
6.8082	16.0656
6.7667	16.0656
6.7667	16.0656
6.7252	16.0656
6.7252	16.0656
6.7252	16.0241
6.6836	16.0241
6.6836	16.0241
6.6421	16.0241
6.6421	16.0241
6.6421	16.0241
6.6006	15.9826
6.6006	15.9826
6.5591	15.9826
6.5591	15.9826
6.5176	15.9826
6.5176	15.9826
6.5176	15.9411
6.4761	15.9411
6.4761	15.9411
6.4346	15.9411
6.4346	15.9411
6.4346	15.8996
6.3930	15.8996
6.3930	15.8996
6.3515	15.8996
6.3515	15.8996
6.3515	15.8996
6.3100	15.8581
6.3100	15.8581
6.2685	15.8581
6.2685	15.8581
6.2685	15.8581
6.2270	15.8166
6.2270	15.8166
6.1855	15.8166
6.1855	15.8166
6.1855	15.8166
6.1440	15.7751
6.1440	15.7751
6.1025	15.7751
6.1025	15.7751
6.1025	15.7751
6.0609	15.7751
6.0609	15.7335
6.0194	15.7335
6.0194	15.7335
6.0194	15.7335
5.9779	15.7335
5.9779	15.6920
5.9779	15.6920
5.9364	15.6920
5.9364	15.6920
5.8949	15.6505
5.8949	15.6505
5.8949	15.6505
5.8534	15.6505
5.8534	15.6505
5.8119	15.6090
5.8119	15.6090
5.8119	15.6090
5.7703	15.6090
5.7703	15.6090
5.7703	15.5675
5.7288	15.5675
5.7288	15.5675
5.6873	15.5675
5.6873	15.5675
5.6873	15.5260
5.6458	15.5260
5.6458	15.5260
5.6458	15.5260
5.6043	15.4845
5.6043	15.4845
5.6043	15.4845
5.5628	15.4845
5.5628	15.4845
5.5213	15.4429
5.5213	15.4429
5.5213	15.4429
5.4798	15.4429
5.4798	15.4014
5.4798	15.4014
5.4382	15.4014
5.4382	15.4014
5.4382	15.3599
5.3967	15.3599
5.3967	15.3599
5.3967	15.3599
5.3552	15.3599
5.3552	15.3184
5.3137	15.3184
5.3137	15.3184
5.3137	15.3184
5.2722	15.2769
5.2722	15.2769
5.2722	15.2769
5.2307	15.2769
5.2307	15.2354
5.2307	15.2354
5.1892	15.2354
5.1892	15.2354
5.1892	15.1939
5.1476	15.1939
5.1476	15.1939
5.1476	15.1939
5.1061	15.1524
5.1061	15.1524
5.1061	15.1524
5.0646	15.1524
5.0646	15.1108
5.0646	15.1108
5.0231	15.1108
5.0231	15.1108
5.0231	15.0693
4.9816	15.0693
4.9816	15.0693
4.9816	15.0693
4.9401	15.0278
4.9401	15.0278
4.9401	15.0278
4.8986	15.0278
4.8986	14.9863
4.8986	14.9863
4.8571	14.9863
4.8571	14.9863
4.8571	14.9448
4.8155	14.9448
4.8155	14.9448
4.8155	14.9448
4.8155	14.9033
4.7740	14.9033
4.7740	14.9033
4.7740	14.9033
4.7325	14.8618
4.7325	14.8618
4.7325	14.8618
4.6910	14.8618
4.6910	14.8202
4.6910	14.8202
4.6495	14.8202
4.6495	14.7787
4.6495	14.7787
4.6495	14.7787
4.6080	14.7787
4.6080	14.7372
4.6080	14.7372
4.5665	14.7372
4.5665	14.7372
4.5665	14.6957
4.5249	14.6957
4.5249	14.6957
4.5249	14.6542
4.5249	14.6542
4.4834	14.6542
4.4834	14.6542
4.4834	14.6127
4.4419	14.6127
4.4419	14.6127
4.4419	14.5712
4.4419	14.5712
4.4004	14.5712
4.4004	14.5712
4.4004	14.5297
4.3589	14.5297
4.3589	14.5297
4.3589	14.4881
4.3589	14.4881
4.3174	14.4881
4.3174	14.4881
4.3174	14.4466
4.2759	14.4466
4.2759	14.4466
4.2759	14.4051
4.2759	14.4051
4.2344	14.4051
4.2344	14.4051
4.2344	14.3636
4.2344	14.3636
4.1928	14.3636
4.1928	14.3221
4.1928	14.3221
4.1928	14.3221
4.1513	14.3221
4.1513	14.2806
4.1513	14.2806
4.1513	14.2806
4.1098	14.2391
4.1098	14.2391
4.1098	14.2391
4.0683	14.1975
4.0683	14.1975
4.0683	14.1975
4.0683	14.1975
4.0268	14.1560
4.0268	14.1560
4.0268	14.1560
4.0268	14.1145
4.0268	14.1145
3.9853	14.1145
3.9853	14.0730
3.9853	14.0730
3.9853	14.0730
3.9438	14.0315
3.9438	14.0315
3.9438	14.0315
3.9438	14.0315
3.9022	13.9900
3.9022	13.9900
3.9022	13.9900
3.9022	13.9485
3.8607	13.9485
3.8607	13.9485
3.8607	13.9070
3.8607	13.9070
3.8607	13.9070
3.8192	13.8654
3.8192	13.8654
3.8192	13.8654
3.8192	13.8239
3.7777	13.8239
3.7777	13.8239
3.7777	13.8239
3.7777	13.7824
3.7777	13.7824
3.7362	13.7824
3.7362	13.7409
3.7362	13.7409
3.7362	13.7409
3.6947	13.6994
3.6947	13.6994
3.6947	13.6994
3.6947	13.6579
3.6947	13.6579
3.6532	13.6579
3.6532	13.6164
3.6532	13.6164
3.6532	13.6164
3.6532	13.5748
3.6117	13.5748
3.6117	13.5748
3.6117	13.5333
3.6117	13.5333
3.6117	13.5333
3.5701	13.4918
3.5701	13.4918
3.5701	13.4918
3.5701	13.4503
3.5701	13.4503
3.5701	13.4503
3.5286	13.4088
3.5286	13.4088
3.5286	13.4088
3.5286	13.3673
3.5286	13.3673
3.4871	13.3673
3.4871	13.3258
3.4871	13.3258
3.4871	13.3258
3.4871	13.2843
3.4871	13.2843
3.4456	13.2843
3.4456	13.2427
3.4456	13.2427
3.4456	13.2427
3.4456	13.2012
3.4456	13.2012
3.4041	13.2012
3.4041	13.1597
3.4041	13.1597
3.4041	13.1597
3.4041	13.1182
3.4041	13.1182
3.3626	13.1182
3.3626	13.0767
3.3626	13.0767
3.3626	13.0767
3.3626	13.0352
3.3626	13.0352
3.3211	13.0352
3.3211	12.9937
3.3211	12.9937
3.3211	12.9937
3.3211	12.9521
3.3211	12.9521
3.3211	12.9521
3.2796	12.9106
3.2796	12.9106
3.2796	12.9106
3.2796	12.8691
3.2796	12.8691
3.2796	12.8691
3.2380	12.8276
3.2380	12.8276
3.2380	12.7861
3.2380	12.7861
3.2380	12.7861
3.2380	12.7446
3.2380	12.7446
3.1965	12.7446
3.1965	12.7031
3.1965	12.7031
3.1965	12.7031
3.1965	12.6616
3.1965	12.6616
3.1965	12.6616
3.1965	12.6200
3.1550	12.6200
3.1550	12.6200
3.1550	12.5785
3.1550	12.5785
3.1550	12.5370
3.1550	12.5370
3.1550	12.5370
3.1550	12.4955
3.1135	12.4955
3.1135	12.4955
3.1135	12.4540
3.1135	12.4540
3.1135	12.4540
3.1135	12.4125
3.1135	12.4125
3.1135	12.4125
3.0720	12.3710
3.0720	12.3710
3.0720	12.3294
3.0720	12.3294
3.0720	12.3294
3.0720	12.2879
3.0720	12.2879
3.0720	12.2879
3.0305	12.2464
3.0305	12.2464
3.0305	12.2464
3.0305	12.2049
3.0305	12.2049
3.0305	12.1634
3.0305	12.1634
3.0305	12.1634
3.0305	12.1219
2.9890	12.1219
2.9890	12.1219
2.9890	12.0804
2.9890	12.0804
2.9890	12.0804
2.9890	12.0389
2.9890	12.0389
2.9890	11.9973
2.9890	11.9973
2.9890	11.9973
2.9474	11.9558
2.9474	11.9558
2.9474	11.9558
2.9474	11.9143
2.9474	11.9143
2.9474	11.8728
2.9474	11.8728
2.9474	11.8728
2.9474	11.8313
2.9474	11.8313
2.9474	11.8313
2.9059	11.7898
2.9059	11.7898
2.9059	11.7483
2.9059	11.7483
2.9059	11.7483
2.9059	11.7067
2.9059	11.7067
2.9059	11.7067
2.9059	11.6652
2.9059	11.6652
2.9059	11.6237
2.9059	11.6237
2.8644	11.6237
2.8644	11.5822
2.8644	11.5822
2.8644	11.5822
2.8644	11.5407
2.8644	11.5407
2.8644	11.4992
2.8644	11.4992
2.8644	11.4992
2.8644	11.4577
2.8644	11.4577
2.8644	11.4577
2.8644	11.4162
2.8644	11.4162
2.8229	11.3746
2.8229	11.3746
2.8229	11.3746
2.8229	11.3331
2.8229	11.3331
2.8229	11.3331
2.8229	11.2916
2.8229	11.2916
2.8229	11.2501
2.8229	11.2501
2.8229	11.2501
2.8229	11.2086
2.8229	11.2086
2.8229	11.2086
2.8229	11.1671
2.8229	11.1671
2.8229	11.1256
2.7814	11.1256
2.7814	11.1256
2.7814	11.0840
2.7814	11.0840
2.7814	11.0425
2.7814	11.0425
2.7814	11.0425
2.7814	11.0010
2.7814	11.0010
2.7814	11.0010
2.7814	10.9595
2.7814	10.9595
2.7814	10.9180
2.7814	10.9180
2.7814	10.9180
2.7814	10.8765
2.7814	10.8765
2.7814	10.8350
2.7814	10.8350
2.7814	10.8350
2.7814	10.7935
2.7814	10.7935
2.7814	10.7935
2.7399	10.7519
2.7399	10.7519
2.7399	10.7104
2.7399	10.7104
2.7399	10.7104
2.7399	10.6689
2.7399	10.6689
2.7399	10.6274
2.7399	10.6274
2.7399	10.6274
2.7399	10.5859
2.7399	10.5859
2.7399	10.5859
2.7399	10.5444
2.7399	10.5444
2.7399	10.5029
2.7399	10.5029
2.7399	10.5029
2.7399	10.4613
2.7399	10.4613
2.7399	10.4198
2.7399	10.4198
2.7399	10.4198
2.7399	10.3783
2.7399	10.3783
2.7399	10.3783
2.7399	10.3368
2.7399	10.3368
2.7399	10.2953
2.7399	10.2953
2.7399	10.2953
2.7399	10.2538
2.7399	10.2538
2.7399	10.2123
2.7399	10.2123
2.7399	10.2123
2.7399	10.1708
2.7399	10.1708
2.7399	10.1708
2.7399	10.1292
2.7399	10.1292
2.7399	10.0877
2.7399	10.0877
2.7399	10.0877
2.7399	10.0462
2.7399	10.0462
2.7399	10.0047
2.7399	10.0047
2.7399	10.0047
2.7399	9.9632
2.7399	9.9632
2.7399	9.9217
2.7399	9.9217
2.7399	9.9217
2.7399	9.8802
2.7399	9.8802
2.7399	9.8802
2.7399	9.8387
2.7399	9.8387
2.7399	9.7971
2.7399	9.7971
2.7399	9.7971
2.7399	9.7556
2.7399	9.7556
2.7399	9.7141
2.7399	9.7141
2.7399	9.7141
2.7399	9.6726
2.7399	9.6726
2.7399	9.6726
2.7399	9.6311
2.7399	9.6311
2.7399	9.5896
2.7399	9.5896
2.7814	9.5896
2.7814	9.5481
2.7814	9.5481
2.7814	9.5065
2.7814	9.5065
2.7814	9.5065
2.7814	9.4650
2.7814	9.4650
2.7814	9.4650
2.7814	9.4235
2.7814	9.4235
2.7814	9.3820
2.7814	9.3820
2.7814	9.3820
2.7814	9.3405
2.7814	9.3405
2.7814	9.2990
2.7814	9.2990
2.7814	9.2990
2.7814	9.2575
2.7814	9.2575
2.7814	9.2575
2.7814	9.2160
2.7814	9.2160
2.8229	9.1744
2.8229	9.1744
2.8229	9.1744
2.8229	9.1329
2.8229	9.1329
2.8229	9.0914
2.8229	9.0914
2.8229	9.0914
2.8229	9.0499
2.8229	9.0499
2.8229	9.0499
2.8229	9.0084
2.8229	9.0084
2.8229	8.9669
2.8229	8.9669
2.8229	8.9669
2.8644	8.9254
2.8644	8.9254
2.8644	8.9254
2.8644	8.8838
2.8644	8.8838
2.8644	8.8423
2.8644	8.8423
2.8644	8.8423
2.8644	8.8008
2.8644	8.8008
2.8644	8.7593
2.8644	8.7593
2.8644	8.7593
2.8644	8.7178
2.9059	8.7178
2.9059	8.7178
2.9059	8.6763
2.9059	8.6763
2.9059	8.6348
2.9059	8.6348
2.9059	8.6348
2.9059	8.5933
2.9059	8.5933
2.9059	8.5933
2.9059	8.5517
2.9059	8.5517
2.9474	8.5102
2.9474	8.5102
2.9474	8.5102
2.9474	8.4687
2.9474	8.4687
2.9474	8.4687
2.9474	8.4272
2.9474	8.4272
2.9474	8.3857
2.9474	8.3857
2.9474	8.3857
2.9890	8.3442
2.9890	8.3442
2.9890	8.3442
2.9890	8.3027
2.9890	8.3027
2.9890	8.2611
2.9890	8.2611
2.9890	8.2611
2.9890	8.2196
2.9890	8.2196
3.0305	8.2196
3.0305	8.1781
3.0305	8.1781
3.0305	8.1781
3.0305	8.1366
3.0305	8.1366
3.0305	8.0951
3.0305	8.0951
3.0305	8.0951
3.0720	8.0536
3.0720	8.0536
3.0720	8.0536
3.0720	8.0121
3.0720	8.0121
3.0720	7.9706
3.0720	7.9706
3.0720	7.9706
3.1135	7.9290
3.1135	7.9290
3.1135	7.9290
3.1135	7.8875
3.1135	7.8875
3.1135	7.8875
3.1135	7.8460
3.1135	7.8460
3.1135	7.8045
3.1550	7.8045
3.1550	7.8045
3.1550	7.7630
3.1550	7.7630
3.1550	7.7630
3.1550	7.7215
3.1550	7.7215
3.1965	7.7215
3.1965	7.6800
3.1965	7.6800
3.1965	7.6800
3.1965	7.6384
3.1965	7.6384
3.1965	7.5969
3.1965	7.5969
3.2380	7.5969
3.2380	7.5554
3.2380	7.5554
3.2380	7.5554
3.2380	7.5139
3.2380	7.5139
3.2380	7.5139
3.2796	7.4724
3.2796	7.4724
3.2796	7.4724
3.2796	7.4309
3.2796	7.4309
3.2796	7.3894
3.2796	7.3894
3.3211	7.3894
3.3211	7.3479
3.3211	7.3479
3.3211	7.3479
3.3211	7.3063
3.3211	7.3063
3.3626	7.3063
3.3626	7.2648
3.3626	7.2648
3.3626	7.2648
3.3626	7.2233
3.3626	7.2233
3.4041	7.2233
3.4041	7.1818
3.4041	7.1818
3.4041	7.1818
3.4041	7.1403
3.4041	7.1403
3.4041	7.1403
3.4456	7.0988
3.4456	7.0988
3.4456	7.0988
3.4456	7.0573
3.4456	7.0573
3.4456	7.0157
3.4871	7.0157
3.4871	7.0157
3.4871	6.9742
3.4871	6.9742
3.4871	6.9742
3.5286	6.9327
3.5286	6.9327
3.5286	6.9327
3.5286	6.8912
3.5286	6.8912
3.5286	6.8912
3.5701	6.8497
3.5701	6.8497
3.5701	6.8497
3.5701	6.8082
3.5701	6.8082
3.5701	6.8082
3.6117	6.7667
3.6117	6.7667
3.6117	6.7667
3.6117	6.7252
3.6117	6.7252
3.6532	6.7252
3.6532	6.6836
3.6532	6.6836
3.6532	6.6836
3.6532	6.6421
3.6947	6.6421
3.6947	6.6421
3.6947	6.6421
3.6947	6.6006
3.6947	6.6006
3.6947	6.6006
3.7362	6.5591
3.7362	6.5591
3.7362	6.5591
3.7362	6.5176
3.7362	6.5176
3.7777	6.5176
3.7777	6.4761
3.7777	6.4761
3.7777	6.4761
3.7777	6.4346
3.8192	6.4346
3.8192	6.4346
3.8192	6.3930
3.8192	6.3930
3.8192	6.3930
3.8607	6.3515
3.8607	6.3515
3.8607	6.3515
3.8607	6.3100
3.8607	6.3100
3.9022	6.3100
3.9022	6.3100
3.9022	6.2685
3.9022	6.2685
3.9438	6.2685
3.9438	6.2270
3.9438	6.2270
3.9438	6.2270
3.9438	6.1855
3.9853	6.1855
3.9853	6.1855
3.9853	6.1440
3.9853	6.1440
3.9853	6.1440
4.0268	6.1440
4.0268	6.1025
4.0268	6.1025
4.0268	6.1025
4.0683	6.0609
4.0683	6.0609
4.0683	6.0609
4.0683	6.0194
4.0683	6.0194
4.1098	6.0194
4.1098	6.0194
4.1098	5.9779
4.1098	5.9779
4.1513	5.9779
4.1513	5.9364
4.1513	5.9364
4.1513	5.9364
4.1513	5.8949
4.1928	5.8949
4.1928	5.8949
4.1928	5.8949
4.1928	5.8534
4.2344	5.8534
4.2344	5.8534
4.2344	5.8119
4.2344	5.8119
4.2759	5.8119
4.2759	5.8119
4.2759	5.7703
4.2759	5.7703
4.2759	5.7703
4.3174	5.7288
4.3174	5.7288
4.3174	5.7288
4.3174	5.7288
4.3589	5.6873
4.3589	5.6873
4.3589	5.6873
4.3589	5.6458
4.4004	5.6458
4.4004	5.6458
4.4004	5.6458
4.4004	5.6043
4.4419	5.6043
4.4419	5.6043
4.4419	5.6043
4.4419	5.5628
4.4834	5.5628
4.4834	5.5628
4.4834	5.5213
4.4834	5.5213
4.5249	5.5213
4.5249	5.5213
4.5249	5.4798
4.5249	5.4798
4.5665	5.4798
4.5665	5.4798
4.5665	5.4382
4.5665	5.4382
4.6080	5.4382
4.6080	5.3967
4.6080	5.3967
4.6495	5.3967
4.6495	5.3967
4.6495	5.3552
4.6495	5.3552
4.6910	5.3552
4.6910	5.3552
4.6910	5.3137
4.6910	5.3137
4.7325	5.3137
4.7325	5.3137
4.7325	5.2722
4.7325	5.2722
4.7740	5.2722
4.7740	5.2307
4.7740	5.2307
4.8155	5.2307
4.8155	5.2307
4.8155	5.1892
4.8155	5.1892
4.8571	5.1892
4.8571	5.1892
4.8571	5.1476
4.8986	5.1476
4.8986	5.1476
4.8986	5.1476
4.8986	5.1061
4.9401	5.1061
4.9401	5.1061
4.9401	5.1061
4.9816	5.0646
4.9816	5.0646
4.9816	5.0646
5.0231	5.0646
5.0231	5.0231
5.0231	5.0231
5.0231	5.0231
5.0646	5.0231
5.0646	4.9816
5.0646	4.9816
5.1061	4.9816
5.1061	4.9816
5.1061	4.9401
5.1476	4.9401
5.1476	4.9401
5.1476	4.9401
5.1476	4.8986
5.1892	4.8986
5.1892	4.8986
5.1892	4.8986
5.2307	4.8986
5.2307	4.8571
5.2307	4.8571
5.2722	4.8571
5.2722	4.8571
5.2722	4.8155
5.3137	4.8155
5.3137	4.8155
5.3137	4.8155
5.3552	4.7740
5.3552	4.7740
5.3552	4.7740
5.3552	4.7740
5.3967	4.7740
5.3967	4.7325
5.3967	4.7325
5.4382	4.7325
5.4382	4.7325
5.4382	4.6910
5.4798	4.6910
5.4798	4.6910
5.4798	4.6910
5.5213	4.6495
5.5213	4.6495
5.5213	4.6495
5.5628	4.6495
5.5628	4.6495
5.5628	4.6080
5.6043	4.6080
5.6043	4.6080
5.6043	4.6080
5.6458	4.5665
5.6458	4.5665
5.6458	4.5665
5.6873	4.5665
5.6873	4.5665
5.6873	4.5249
5.7288	4.5249
5.7288	4.5249
5.7288	4.5249
5.7703	4.5249
5.7703	4.4834
5.8119	4.4834
5.8119	4.4834
5.8119	4.4834
5.8534	4.4834
5.8534	4.4419
5.8534	4.4419
5.8949	4.4419
5.8949	4.4419
5.8949	4.4419
5.9364	4.4004
5.9364	4.4004
5.9364	4.4004
5.9779	4.4004
5.9779	4.3589
5.9779	4.3589
6.0194	4.3589
6.0194	4.3589
6.0609	4.3589
6.0609	4.3589
6.0609	4.3174
6.1025	4.3174
6.1025	4.3174
6.1025	4.3174
6.1440	4.3174
6.1440	4.2759
6.1440	4.2759
6.1855	4.2759
6.1855	4.2759
6.2270	4.2759
6.2270	4.2344
6.2270	4.2344
6.2685	4.2344
6.2685	4.2344
6.2685	4.2344
6.3100	4.1928
6.3100	4.1928
6.3515	4.1928
6.3515	4.1928
6.3515	4.1928
6.3930	4.1928
6.3930	4.1513
6.3930	4.1513
6.4346	4.1513
6.4346	4.1513
6.4761	4.1513
6.4761	4.1098
6.4761	4.1098
6.5176	4.1098
6.5176	4.1098
6.5176	4.1098
6.5591	4.1098
6.5591	4.0683
6.6006	4.0683
6.6006	4.0683
6.6006	4.0683
6.6421	4.0683
6.6421	4.0683
6.6836	4.0268
6.6836	4.0268
6.6836	4.0268
6.7252	4.0268
6.7252	4.0268
6.7252	4.0268
6.7667	3.9853
6.7667	3.9853
6.8082	3.9853
6.8082	3.9853
6.8082	3.9853
6.8497	3.9853
6.8497	3.9438
6.8912	3.9438
6.8912	3.9438
6.8912	3.9438
6.9327	3.9438
6.9327	3.9438
6.9742	3.9438
6.9742	3.9022
6.9742	3.9022
7.0157	3.9022
7.0157	3.9022
7.0573	3.9022
7.0573	3.9022
7.0573	3.8607
7.0988	3.8607
7.0988	3.8607
7.1403	3.8607
7.1403	3.8607
7.1403	3.8607
7.1818	3.8607
7.1818	3.8192
7.2233	3.8192
7.2233	3.8192
7.2233	3.8192
7.2648	3.8192
7.2648	3.8192
7.3063	3.8192
7.3063	3.7777
7.3479	3.7777
7.3479	3.7777
7.3479	3.7777
7.3894	3.7777
7.3894	3.7777
7.4309	3.7777
7.4309	3.7777
7.4309	3.7362
7.4724	3.7362
7.4724	3.7362
7.5139	3.7362
7.5139	3.7362
7.5554	3.7362
7.5554	3.7362
7.5554	3.6947
7.5969	3.6947
7.5969	3.6947
7.6384	3.6947
7.6384	3.6947
7.6384	3.6947
7.6800	3.6947
7.6800	3.6947
7.7215	3.6947
7.7215	3.6532
7.7630	3.6532
7.7630	3.6532
7.7630	3.6532
7.8045	3.6532
7.8045	3.6532
7.8460	3.6532
7.8460	3.6532
7.8875	3.6117
7.8875	3.6117
7.8875	3.6117
7.9290	3.6117
7.9290	3.6117
7.9706	3.6117
7.9706	3.6117
8.0121	3.6117
8.0121	3.6117
8.0121	3.6117
8.0536	3.5701
8.0536	3.5701
8.0951	3.5701
8.0951	3.5701
8.1366	3.5701
8.1366	3.5701
8.1781	3.5701
8.1781	3.5701
8.1781	3.5701
8.2196	3.5701
8.2196	3.5286
8.2611	3.5286
8.2611	3.5286
8.3027	3.5286
8.3027	3.5286
8.3027	3.5286
8.3442	3.5286
8.3442	3.5286
8.3857	3.5286
8.3857	3.5286
8.4272	3.5286
8.4272	3.4871
8.4687	3.4871
8.4687	3.4871
8.4687	3.4871
8.5102	3.4871
8.5102	3.4871
8.5517	3.4871
8.5517	3.4871
8.5933	3.4871
8.5933	3.4871
8.6348	3.4871
8.6348	3.4871
8.6348	3.4456
8.6763	3.4456
8.6763	3.4456
8.7178	3.4456
8.7178	3.4456
8.7593	3.4456
8.7593	3.4456
8.8008	3.4456
8.8008	3.4456
8.8008	3.4456
8.8423	3.4456
8.8423	3.4456
8.8838	3.4456
8.8838	3.4456
8.9254	3.4456
8.9254	3.4041
8.9669	3.4041
8.9669	3.4041
9.0084	3.4041
9.0084	3.4041
9.0084	3.4041
9.0499	3.4041
9.0499	3.4041
9.0914	3.4041
9.0914	3.4041
9.1329	3.4041
9.1329	3.4041
9.1744	3.4041
9.1744	3.4041
9.2160	3.4041
9.2160	3.4041
9.2160	3.4041
9.2575	3.4041
9.2575	3.4041
9.2990	3.3626
9.2990	3.3626
9.3405	3.3626
9.3405	3.3626
9.3820	3.3626
9.3820	3.3626
9.4235	3.3626
9.4235	3.3626
9.4235	3.3626
9.4650	3.3626
9.4650	3.3626
9.5065	3.3626
9.5065	3.3626
9.5481	3.3626
9.5481	3.3626
9.5896	3.3626
9.5896	3.3626
9.6311	3.3626
9.6311	3.3626
9.6726	3.3626
9.6726	3.3626
9.6726	3.3626
9.7141	3.3626
9.7141	3.3626
9.7556	3.3626
9.7556	3.3626
9.7971	3.3626
9.7971	3.3626
9.8387	3.3626
9.8387	3.3626
9.8802	3.3211
9.8802	3.3211
9.9217	3.3211
9.9217	3.3211
9.9217	3.3211
9.9632	3.3211
9.9632	3.3211
10.0047	3.3211
10.0047	3.3211
10.0462	3.3211
10.0462	3.3211
10.0877	3.3211
10.0877	3.3211
10.1292	3.3211
10.1292	3.3211
10.1708	3.3211
10.1708	3.3211
10.2123	3.3211
10.2123	3.3211
10.2123	3.3211
10.2538	3.3211
10.2538	3.3211
10.2953	3.3211
10.2953	3.3211
10.3368	3.3211
10.3368	3.3211
10.3783	3.3211
10.3783	3.3211
10.4198	3.3211
10.4198	3.3211
10.4613	3.3211
10.4613	3.3211
10.5029	3.3211
10.5029	3.3211
10.5029	3.3211
10.5444	3.3211
10.5444	3.3211
10.5859	3.3211
10.5859	3.3211
10.6274	3.3211
10.6274	3.3211
10.6689	3.3211
10.6689	3.3211
10.7104	3.3211
10.7104	3.3211
10.7519	3.3211
10.7519	3.3626
10.7935	3.3626
10.7935	3.3626
10.7935	3.3626
10.8350	3.3626
10.8350	3.3626
10.8765	3.3626
10.8765	3.3626
10.9180	3.3626
10.9180	3.3626
10.9595	3.3626
10.9595	3.3626
11.0010	3.3626
11.0010	3.3626
11.0425	3.3626
11.0425	3.3626
11.0840	3.3626
11.0840	3.3626
11.1256	3.3626
11.1256	3.3626
11.1256	3.3626
11.1671	3.3626
11.1671	3.3626
11.2086	3.3626
11.2086	3.3626
11.2501	3.3626
11.2501	3.3626
11.2916	3.3626
11.2916	3.3626
11.3331	3.3626
11.3331	3.4041
11.3746	3.4041
11.3746	3.4041
11.4162	3.4041
11.4162	3.4041
11.4162	3.4041
11.4577	3.4041
11.4577	3.4041
11.4992	3.4041
11.4992	3.4041
11.5407	3.4041
11.5407	3.4041
11.5822	3.4041
11.5822	3.4041
11.6237	3.4041
11.6237	3.4041
11.6652	3.4041
11.6652	3.4041
11.7067	3.4456
11.7067	3.4456
11.7067	3.4456
11.7483	3.4456
11.7483	3.4456
11.7898	3.4456
11.7898	3.4456
11.8313	3.4456
11.8313	3.4456
11.8728	3.4456
11.8728	3.4456
11.9143	3.4456
11.9143	3.4456
11.9558	3.4456
11.9558	3.4456
11.9973	3.4871
11.9973	3.4871
11.9973	3.4871
12.0389	3.4871
12.0389	3.4871
12.0804	3.4871
12.0804	3.4871
12.1219	3.4871
12.1219	3.4871
12.1634	3.4871
12.1634	3.4871
12.2049	3.4871
12.2049	3.5286
12.2464	3.5286
12.2464	3.5286
12.2879	3.5286
12.2879	3.5286
12.2879	3.5286
12.3294	3.5286
12.3294	3.5286
12.3710	3.5286
12.3710	3.5286
12.4125	3.5286
12.4125	3.5701
12.4540	3.5701
12.4540	3.5701
12.4955	3.5701
12.4955	3.5701
12.5370	3.5701
12.5370	3.5701
12.5370	3.5701
12.5785	3.5701
12.5785	3.5701
12.6200	3.5701
12.6200	3.6117
12.6616	3.6117
12.6616	3.6117
12.7031	3.6117
12.7031	3.6117
12.7446	3.6117
12.7446	3.6117
12.7446	3.6117
12.7861	3.6117
12.7861	3.6532
12.8276	3.6532
12.8276	3.6532
12.8691	3.6532
12.8691	3.6532
12.9106	3.6532
12.9106	3.6532
12.9521	3.6532
12.9521	3.6532
12.9521	3.6947
12.9937	3.6947
12.9937	3.6947
13.0352	3.6947
13.0352	3.6947
13.0767	3.6947
13.0767	3.6947
13.1182	3.7362
13.1182	3.7362
13.1182	3.7362
13.1597	3.7362
13.1597	3.7362
13.2012	3.7362
13.2012	3.7362
13.2427	3.7362
13.2427	3.7777
13.2843	3.7777
13.2843	3.7777
13.2843	3.7777
13.3258	3.7777
13.3258	3.7777
13.3673	3.7777
13.3673	3.8192
13.4088	3.8192
13.4088	3.8192
13.4503	3.8192
13.4503	3.8192
13.4503	3.8192
13.4918	3.8192
13.4918	3.8607
13.5333	3.8607
13.5333	3.8607
13.5748	3.8607
13.5748	3.8607
13.5748	3.8607
13.6164	3.9022
13.6164	3.9022
13.6579	3.9022
13.6579	3.9022
13.6994	3.9022
13.6994	3.9022
13.6994	3.9438
13.7409	3.9438
13.7409	3.9438
13.7824	3.9438
13.7824	3.9438
13.8239	3.9438
13.8239	3.9853
13.8239	3.9853
13.8654	3.9853
13.8654	3.9853
13.9070	3.9853
13.9070	3.9853
13.9485	4.0268
13.9485	4.0268
13.9485	4.0268
13.9900	4.0268
13.9900	4.0268
14.0315	4.0683
14.0315	4.0683
14.0315	4.0683
14.0730	4.0683
14.0730	4.0683
14.1145	4.1098
14.1145	4.1098
14.1560	4.1098
14.1560	4.1098
14.1560	4.1098
14.1975	4.1513
14.1975	4.1513
14.2391	4.1513
14.2391	4.1513
14.2391	4.1513
14.2806	4.1928
14.2806	4.1928
14.3221	4.1928
14.3221	4.1928
14.3221	4.1928
14.3636	4.2344
14.3636	4.2344
14.4051	4.2344
14.4051	4.2344
14.4051	4.2344
14.4466	4.2759
14.4466	4.2759
14.4881	4.2759
14.4881	4.2759
14.4881	4.2759
14.5297	4.3174
14.5297	4.3174
14.5712	4.3174
14.5712	4.3174
14.5712	4.3589
14.6127	4.3589
14.6127	4.3589
14.6542	4.3589
14.6542	4.3589
14.6542	4.4004
14.6957	4.4004
14.6957	4.4004
14.6957	4.4004
14.7372	4.4419
14.7372	4.4419
14.7787	4.4419
14.7787	4.4419
14.7787	4.4834
14.8202	4.4834
14.8202	4.4834
14.8618	4.4834
14.8618	4.4834
14.8618	4.5249
14.9033	4.5249
14.9033	4.5249
14.9033	4.5249
14.9448	4.5665
14.9448	4.5665
14.9863	4.5665
14.9863	4.5665
14.9863	4.6080
15.0278	4.6080
15.0278	4.6080
15.0278	4.6080
15.0693	4.6495
15.0693	4.6495
15.0693	4.6495
15.1108	4.6495
15.1108	4.6910
15.1524	4.6910
15.1524	4.6910
15.1524	4.6910
15.1939	4.7325
15.1939	4.7325
15.1939	4.7325
15.2354	4.7740
15.2354	4.7740
15.2354	4.7740
15.2769	4.7740
15.2769	4.8155
15.2769	4.8155
15.3184	4.8155
15.3184	4.8155
15.3599	4.8571
15.3599	4.8571
15.3599	4.8571
15.4014	4.8571
15.4014	4.8986
15.4014	4.8986
15.4429	4.8986
15.4429	4.9401
15.4429	4.9401
15.4845	4.9401
15.4845	4.9401
15.4845	4.9816
15.5260	4.9816
15.5260	4.9816
15.5260	5.0231
15.5675	5.0231
15.5675	5.0231
15.5675	5.0231
15.6090	5.0646
15.6090	5.0646
15.6090	5.0646
15.6505	5.1061
15.6505	5.1061
15.6505	5.1061
15.6920	5.1061
15.6920	5.1476
15.6920	5.1476
15.7335	5.1476
15.7335	5.1892
15.7335	5.1892
15.7751	5.1892
15.7751	5.1892
15.7751	5.2307
15.8166	5.2307
15.8166	5.2307
15.8166	5.2722
15.8581	5.2722
15.8581	5.2722
15.8581	5.3137
15.8996	5.3137
15.8996	5.3137
15.8996	5.3552
15.8996	5.3552
15.9411	5.3552
15.9411	5.3552
15.9411	5.3967
15.9826	5.3967
15.9826	5.3967
15.9826	5.4382
16.0241	5.4382
16.0241	5.4382
16.0241	5.4798
16.0656	5.4798
16.0656	5.4798
16.0656	5.5213
16.0656	5.5213
16.1072	5.5213
16.1072	5.5628
16.1072	5.5628
16.1487	5.5628
16.1487	5.6043
16.1487	5.6043
16.1902	5.6043
16.1902	5.6458
16.1902	5.6458
16.1902	5.6458
16.2317	5.6873
16.2317	5.6873
16.2317	5.6873
16.2732	5.7288
16.2732	5.7288
16.2732	5.7288
16.2732	5.7703
16.3147	5.7703
16.3147	5.7703
16.3147	5.8119
16.3562	5.8119
16.3562	5.8119
16.3562	5.8534
16.3562	5.8534
16.3978	5.8534
16.3978	5.8949
16.3978	5.8949
16.3978	5.8949
16.4393	5.9364
16.4393	5.9364
16.4393	5.9364
16.4808	5.9779
16.4808	5.9779
16.4808	5.9779
16.4808	6.0194
16.5223	6.0194
16.5223	6.0194
16.5223	6.0609
16.5223	6.0609
16.5638	6.0609
16.5638	6.1025
16.5638	6.1025
16.5638	6.1025
16.6053	6.1440
16.6053	6.1440
16.6053	6.1855
16.6053	6.1855
16.6468	6.1855
16.6468	6.2270
16.6468	6.2270
16.6468	6.2270
16.6883	6.2685
16.6883	6.2685
16.6883	6.2685
16.6883	6.3100
16.7299	6.3100
16.7299	6.3515
16.7299	6.3515
16.7299	6.3515
16.7714	6.3930
16.7714	6.3930
16.7714	6.3930
16.7714	6.4346
16.8129	6.4346
16.8129	6.4346
16.8129	6.4761
16.8129	6.4761
16.8129	6.5176
16.8544	6.5176
16.8544	6.5176
16.8544	6.5591
16.8544	6.5591
16.8959	6.5591
16.8959	6.6006
16.8959	6.6006
16.8959	6.6421
16.8959	6.6421
16.9374	6.6421
16.9374	6.6836
16.9374	6.6836
16.9374	6.6836
16.9789	6.7252
16.9789	6.7252
16.9789	6.7667
16.9789	6.7667
16.9789	6.7667
17.0204	6.8082
17.0204	6.8082
17.0204	6.8497
17.0204	6.8497
17.0204	6.8497
17.0620	6.8912
17.0620	6.8912
17.0620	6.9327
17.0620	6.9327
17.0620	6.9327
17.1035	6.9742
17.1035	6.9742
17.1035	6.9742
17.1035	7.0157
17.1035	7.0157
17.1450	7.0573
17.1450	7.0573
17.1450	7.0573
17.1450	7.0988
17.1450	7.0988
17.1450	7.1403
17.1865	7.1403
17.1865	7.1403
17.1865	7.1818
17.1865	7.1818
17.1865	7.2233
17.2280	7.2233
17.2280	7.2233
17.2280	7.2648
17.2280	7.2648
17.2280	7.3063
17.2280	7.3063
17.2695	7.3063
17.2695	7.3479
17.2695	7.3479
17.2695	7.3894
17.2695	7.3894
17.2695	7.4309
17.3110	7.4309
17.3110	7.4309
17.3110	7.4724
17.3110	7.4724
17.3110	7.5139
17.3110	7.5139
17.3526	7.5139
17.3526	7.5554
17.3526	7.5554
17.3526	7.5969
17.3526	7.5969
17.3526	7.5969
17.3526	7.6384
17.3941	7.6384
17.3941	7.6800
17.3941	7.6800
17.3941	7.7215
17.3941	7.7215
17.3941	7.7215
17.3941	7.7630
17.4356	7.7630
17.4356	7.8045
17.4356	7.8045
17.4356	7.8045
17.4356	7.8460
17.4356	7.8460
17.4356	7.8875
17.4771	7.8875
17.4771	7.9290
17.4771	7.9290
17.4771	7.9290
17.4771	7.9706
17.4771	7.9706
17.4771	8.0121
17.4771	8.0121
17.5186	8.0536
17.5186	8.0536
17.5186	8.0536
17.5186	8.0951
17.5186	8.0951
17.5186	8.1366
17.5186	8.1366
17.5186	8.1781
17.5186	8.1781
17.5601	8.1781
17.5601	8.2196
17.5601	8.2196
17.5601	8.2611
17.5601	8.2611
17.5601	8.3027
17.5601	8.3027
17.5601	8.3027
17.5601	8.3442
17.6016	8.3442
17.6016	8.3857
17.6016	8.3857
17.6016	8.4272
17.6016	8.4272
17.6016	8.4687
17.6016	8.4687
17.6016	8.4687
17.6016	8.5102
17.6016	8.5102
17.6016	8.5517
17.6431	8.5517
17.6431	8.5933
17.6431	8.5933
17.6431	8.5933
17.6431	8.6348
17.6431	8.6348
17.6431	8.6763
17.6431	8.6763
17.6431	8.7178
17.6431	8.7178
17.6431	8.7593
17.6431	8.7593
17.6431	8.7593
17.6847	8.8008
17.6847	8.8008
17.6847	8.8423
17.6847	8.8423
17.6847	8.8838
17.6847	8.8838
17.6847	8.9254
17.6847	8.9254
17.6847	8.9254
17.6847	8.9669
17.6847	8.9669
17.6847	9.0084
17.6847	9.0084
17.6847	9.0499
17.6847	9.0499
17.6847	9.0914
17.7262	9.0914
17.7262	9.1329
17.7262	9.1329
17.7262	9.1329
17.7262	9.1744
17.7262	9.1744
17.7262	9.2160
17.7262	9.2160
17.7262	9.2575
17.7262	9.2575
17.7262	9.2990
17.7262	9.2990
17.7262	9.2990
17.7262	9.3405
17.7262	9.3405
17.7262	9.3820
17.7262	9.3820
17.7262	9.4235
17.7262	9.4235
17.7262	9.4650
17.7262	9.4650
17.7262	9.5065
17.7262	9.5065
17.7262	9.5065
17.7262	9.5481
17.7262	9.5481
17.7262	9.5896
17.7262	9.5896
17.7262	9.6311
17.7262	9.6311
17.7262	9.6726
17.7262	9.6726
17.7262	9.7141
17.7262	9.7141
17.7262	9.7556
17.7677	9.7556
17.7677	9.7556
17.7677	9.7971
17.7677	9.7971
17.7677	9.8387
17.7677	9.8387
17.7677	9.8802
17.7677	9.8802
17.7677	9.9217
17.7677	9.9217
17.7677	9.9632
17.7677	9.9632
17.7262	9.9632
17.7262	10.0047
17.7262	10.0047
17.7262	10.0462
17.7262	10.0462
17.7262	10.0877
17.7262	10.0877
17.7262	10.1292
17.7262	10.1292
17.7262	10.1708
17.7262	10.1708
17.7262	10.2123
17.7262	10.2123
17.7262	10.2538
17.7262	10.2538
17.7262	10.2538
17.7262	10.2953
17.7262	10.2953
17.7262	10.3368
17.7262	10.3368
17.7262	10.3783
17.7262	10.3783
17.7262	10.4198
17.7262	10.4198
17.7262	10.4613
17.7262	10.4613
17.7262	10.5029
