17.3110	6.5176
17.3110	6.5176
17.3110	6.5591
17.3526	6.5591
17.3526	6.5591
17.3526	6.5591
17.3526	6.6006
17.3526	6.6006
17.3526	6.6006
17.3526	6.6421
17.3526	6.6421
17.3526	6.6421
17.3526	6.6421
17.3941	6.6836
17.3941	6.6836
17.3941	6.6836
17.3941	6.6836
17.3941	6.7252
17.3941	6.7252
17.3941	6.7252
17.3941	6.7667
17.3941	6.7667
17.3941	6.7667
17.3941	6.7667
17.4356	6.8082
17.4356	6.8082
17.4356	6.8082
17.4356	6.8082
17.4356	6.8497
17.4356	6.8497
17.4356	6.8497
17.4356	6.8497
17.4356	6.8912
17.4356	6.8912
17.4356	6.8912
17.4356	6.9327
17.4771	6.9327
17.4771	6.9327
17.4771	6.9327
17.4771	6.9742
17.4771	6.9742
17.4771	6.9742
17.4771	6.9742
17.4771	7.0157
17.4771	7.0157
17.4771	7.0157
17.4771	7.0573
17.4771	7.0573
17.5186	7.0573
17.5186	7.0573
17.5186	7.0988
17.5186	7.0988
17.5186	7.0988
17.5186	7.0988
17.5186	7.1403
17.5186	7.1403
17.5186	7.1403
17.5186	7.1818
17.5186	7.1818
17.5186	7.1818
17.5186	7.1818
17.5186	7.2233
17.5601	7.2233
17.5601	7.2233
17.5601	7.2233
17.5601	7.2648
17.5601	7.2648
17.5601	7.2648
17.5601	7.3063
17.5601	7.3063
17.5601	7.3063
17.5601	7.3063
17.5601	7.3479
17.5601	7.3479
17.5601	7.3479
17.5601	7.3894
17.5601	7.3894
17.5601	7.3894
17.6016	7.3894
17.6016	7.4309
17.6016	7.4309
17.6016	7.4309
17.6016	7.4309
17.6016	7.4724
17.6016	7.4724
17.6016	7.4724
17.6016	7.5139
17.6016	7.5139
17.6016	7.5139
17.6016	7.5139
17.6016	7.5554
17.6016	7.5554
17.6016	7.5554
17.6016	7.5554
17.6016	7.5969
17.6016	7.5969
17.6431	7.5969
17.6431	7.6384
17.6431	7.6384
17.6431	7.6384
17.6431	7.6384
17.6431	7.6800
17.6431	7.6800
17.6431	7.6800
17.6431	7.7215
17.6431	7.7215
17.6431	7.7215
17.6431	7.7215
17.6431	7.7630
17.6431	7.7630
17.6431	7.7630
17.6431	7.7630
17.6431	7.8045
17.6431	7.8045
17.6431	7.8045
17.6431	7.8460
17.6431	7.8460
17.6431	7.8460
17.6431	7.8460
17.6847	7.8875
17.6847	7.8875
17.6847	7.8875
17.6847	7.9290
17.6847	7.9290
17.6847	7.9290
17.6847	7.9290
17.6847	7.9706
17.6847	7.9706
17.6847	7.9706
17.6847	7.9706
17.6847	8.0121
17.6847	8.0121
17.6847	8.0121
17.6847	8.0536
17.6847	8.0536
17.6847	8.0536
17.6847	8.0536
17.6847	8.0951
17.6847	8.0951
17.6847	8.0951
17.6847	8.0951
17.6847	8.1366
17.6847	8.1366
17.6847	8.1366
17.6847	8.1781
17.6847	8.1781
17.6847	8.1781
17.6847	8.1781
17.6847	8.2196
17.6847	8.2196
17.6847	8.2196
17.6847	8.2611
17.6847	8.2611
17.6847	8.2611
17.6847	8.2611
17.6847	8.3027
17.7262	8.3027
17.7262	8.3027
17.7262	8.3027
17.7262	8.3442
17.7262	8.3442
17.7262	8.3442
17.7262	8.3857
17.7262	8.3857
17.7262	8.3857
17.7262	8.3857
17.7262	8.4272
17.7262	8.4272
17.7262	8.4272
17.7262	8.4687
17.7262	8.4687
17.7262	8.4687
17.7262	8.4687
17.7262	8.5102
17.7262	8.5102
17.7262	8.5102
17.7262	8.5102
17.7262	8.5517
17.7262	8.5517
17.7262	8.5517
17.7262	8.5933
17.7262	8.5933
17.7262	8.5933
17.7262	8.5933
17.7262	8.6348
17.7262	8.6348
17.7262	8.6348
17.7262	8.6763
17.7262	8.6763
17.7262	8.6763
17.7262	8.6763
17.7262	8.7178
17.7262	8.7178
17.7262	8.7178
17.7262	8.7178
17.7262	8.7593
17.7262	8.7593
17.7262	8.7593
17.7262	8.8008
17.7262	8.8008
17.7262	8.8008
17.7262	8.8008
17.7262	8.8423
17.7262	8.8423
17.7262	8.8423
17.7262	8.8423
17.7262	8.8838
17.7262	8.8838
17.7262	8.8838
17.7262	8.9254
17.7262	8.9254
17.7262	8.9254
17.7262	8.9254
17.7262	8.9669
17.7262	8.9669
17.7262	8.9669
17.7262	9.0084
17.7262	9.0084
17.6847	9.0084
17.6847	9.0084
17.6847	9.0499
17.6847	9.0499
17.6847	9.0499
17.6847	9.0499
17.6847	9.0914
17.6847	9.0914
17.6847	9.0914
17.6847	9.1329
17.6847	9.1329
17.6847	9.1329
17.6847	9.1329
17.6847	9.1744
17.6847	9.1744
17.6847	9.1744
17.6847	9.1744
17.6847	9.2160
17.6847	9.2160
17.6847	9.2160
17.6847	9.2575
17.6847	9.2575
17.6847	9.2575
17.6847	9.2575
17.6847	9.2990
17.6847	9.2990
17.6847	9.2990
17.6847	9.2990
17.6847	9.3405
17.6847	9.3405
17.6847	9.3405
17.6847	9.3820
17.6847	9.3820
17.6847	9.3820
17.6847	9.3820
17.6847	9.4235
17.6847	9.4235
17.6431	9.4235
17.6431	9.4235
17.6431	9.4650
17.6431	9.4650
17.6431	9.4650
17.6431	9.5065
17.6431	9.5065
17.6431	9.5065
17.6431	9.5065
17.6431	9.5481
17.6431	9.5481
17.6431	9.5481
17.6431	9.5481
17.6431	9.5896
17.6431	9.5896
17.6431	9.5896
17.6431	9.6311
17.6431	9.6311
17.6431	9.6311
17.6431	9.6311
17.6431	9.6726
17.6431	9.6726
17.6431	9.6726
17.6016	9.6726
17.6016	9.7141
17.6016	9.7141
17.6016	9.7141
17.6016	9.7556
17.6016	9.7556
17.6016	9.7556
17.6016	9.7556
17.6016	9.7971
17.6016	9.7971
17.6016	9.7971
17.6016	9.7971
17.6016	9.8387
17.6016	9.8387
17.6016	9.8387
17.6016	9.8387
17.6016	9.8802
17.6016	9.8802
17.5601	9.8802
17.5601	9.9217
17.5601	9.9217
17.5601	9.9217
17.5601	9.9217
17.5601	9.9632
17.5601	9.9632
17.5601	9.9632
17.5601	9.9632
17.5601	10.0047
17.5601	10.0047
17.5601	10.0047
17.5601	10.0047
17.5601	10.0462
17.5601	10.0462
17.5601	10.0462
17.5186	10.0877
17.5186	10.0877
17.5186	10.0877
17.5186	10.0877
17.5186	10.1292
17.5186	10.1292
17.5186	10.1292
17.5186	10.1292
17.5186	10.1708
17.5186	10.1708
17.5186	10.1708
17.5186	10.1708
17.5186	10.2123
17.5186	10.2123
17.4771	10.2123
17.4771	10.2123
17.4771	10.2538
17.4771	10.2538
17.4771	10.2538
17.4771	10.2953
17.4771	10.2953
17.4771	10.2953
17.4771	10.2953
17.4771	10.3368
17.4771	10.3368
17.4771	10.3368
17.4771	10.3368
17.4356	10.3783
17.4356	10.3783
17.4356	10.3783
17.4356	10.3783
17.4356	10.4198
17.4356	10.4198
17.4356	10.4198
17.4356	10.4198
17.4356	10.4613
17.4356	10.4613
17.4356	10.4613
17.3941	10.4613
17.3941	10.5029
17.3941	10.5029
17.3941	10.5029
17.3941	10.5444
17.3941	10.5444
17.3941	10.5444
17.3941	10.5444
17.3941	10.5859
17.3941	10.5859
17.3941	10.5859
17.3526	10.5859
17.3526	10.6274
17.3526	10.6274
17.3526	10.6274
17.3526	10.6274
17.3526	10.6689
17.3526	10.6689
17.3526	10.6689
17.3526	10.6689
17.3526	10.7104
17.3526	10.7104
17.3110	10.7104
17.3110	10.7104
17.3110	10.7519
17.3110	10.7519
17.3110	10.7519
17.3110	10.7519
17.3110	10.7935
17.3110	10.7935
17.3110	10.7935
17.2695	10.7935
17.2695	10.8350
17.2695	10.8350
17.2695	10.8350
17.2695	10.8350
17.2695	10.8765
17.2695	10.8765
17.2695	10.8765
17.2695	10.8765
17.2695	10.9180
17.2280	10.9180
17.2280	10.9180
17.2280	10.9180
17.2280	10.9595
17.2280	10.9595
17.2280	10.9595
17.2280	10.9595
17.2280	11.0010
17.2280	11.0010
17.1865	11.0010
17.1865	11.0010
17.1865	11.0425
17.1865	11.0425
17.1865	11.0425
17.1865	11.0425
17.1865	11.0840
17.1865	11.0840
17.1450	11.0840
17.1450	11.0840
17.1450	11.1256
17.1450	11.1256
17.1450	11.1256
17.1450	11.1256
17.1450	11.1671
17.1450	11.1671
17.1450	11.1671
17.1035	11.1671
17.1035	11.2086
17.1035	11.2086
17.1035	11.2086
17.1035	11.2086
17.1035	11.2501
17.1035	11.2501
17.1035	11.2501
17.0620	11.2501
17.0620	11.2916
17.0620	11.2916
17.0620	11.2916
17.0620	11.2916
17.0620	11.3331
17.0620	11.3331
17.0620	11.3331
17.0204	11.3331
17.0204	11.3746
17.0204	11.3746
17.0204	11.3746
17.0204	11.3746
17.0204	11.3746
17.0204	11.4162
16.9789	11.4162
16.9789	11.4162
16.9789	11.4162
16.9789	11.4577
16.9789	11.4577
16.9789	11.4577
16.9789	11.4577
16.9374	11.4992
16.9374	11.4992
16.9374	11.4992
16.9374	11.4992
16.9374	11.5407
16.9374	11.5407
16.9374	11.5407
16.9374	11.5407
16.8959	11.5822
16.8959	11.5822
16.8959	11.5822
16.8959	11.5822
16.8959	11.5822
16.8959	11.6237
16.8959	11.6237
16.8544	11.6237
16.8544	11.6237
16.8544	11.6652
16.8544	11.6652
16.8544	11.6652
16.8544	11.6652
16.8129	11.7067
16.8129	11.7067
16.8129	11.7067
16.8129	11.7067
16.8129	11.7483
16.8129	11.7483
16.8129	11.7483
16.7714	11.7483
16.7714	11.7483
16.7714	11.7898
16.7714	11.7898
16.7714	11.7898
16.7714	11.7898
16.7714	11.8313
16.7299	11.8313
16.7299	11.8313
16.7299	11.8313
16.7299	11.8313
16.7299	11.8728
16.7299	11.8728
16.6883	11.8728
16.6883	11.8728
16.6883	11.9143
16.6883	11.9143
16.6883	11.9143
16.6883	11.9143
16.6468	11.9558
16.6468	11.9558
16.6468	11.9558
16.6468	11.9558
16.6468	11.9558
16.6468	11.9973
16.6468	11.9973
16.6053	11.9973
16.6053	11.9973
16.6053	12.0389
16.6053	12.0389
16.6053	12.0389
16.6053	12.0389
16.5638	12.0389
16.5638	12.0804
16.5638	12.0804
16.5638	12.0804
16.5638	12.0804
16.5223	12.1219
16.5223	12.1219
16.5223	12.1219
16.5223	12.1219
16.5223	12.1219
16.5223	12.1634
16.4808	12.1634
16.4808	12.1634
16.4808	12.1634
16.4808	12.2049
16.4808	12.2049
16.4808	12.2049
16.4393	12.2049
16.4393	12.2049
16.4393	12.2464
16.4393	12.2464
16.4393	12.2464
16.3978	12.2464
16.3978	12.2464
16.3978	12.2879
16.3978	12.2879
16.3978	12.2879
16.3562	12.2879
16.3562	12.3294
16.3562	12.3294
16.3562	12.3294
16.3562	12.3294
16.3562	12.3294
16.3147	12.3710
16.3147	12.3710
16.3147	12.3710
16.3147	12.3710
16.3147	12.3710
16.2732	12.4125
16.2732	12.4125
16.2732	12.4125
16.2732	12.4125
16.2732	12.4540
16.2317	12.4540
16.2317	12.4540
16.2317	12.4540
16.2317	12.4540
16.2317	12.4955
16.1902	12.4955
16.1902	12.4955
16.1902	12.4955
16.1902	12.4955
16.1902	12.5370
16.1487	12.5370
16.1487	12.5370
16.1487	12.5370
16.1487	12.5370
16.1072	12.5785
16.1072	12.5785
16.1072	12.5785
16.1072	12.5785
16.1072	12.6200
16.0656	12.6200
16.0656	12.6200
16.0656	12.6200
16.0656	12.6200
16.0241	12.6616
16.0241	12.6616
16.0241	12.6616
16.0241	12.6616
16.0241	12.6616
15.9826	12.7031
15.9826	12.7031
15.9826	12.7031
15.9826	12.7031
15.9411	12.7031
15.9411	12.7446
15.9411	12.7446
15.9411	12.7446
15.9411	12.7446
15.8996	12.7446
15.8996	12.7861
15.8996	12.7861
15.8996	12.7861
15.8581	12.7861
15.8581	12.7861
15.8581	12.8276
15.8581	12.8276
15.8166	12.8276
15.8166	12.8276
15.8166	12.8276
15.8166	12.8691
15.8166	12.8691
15.7751	12.8691
15.7751	12.8691
15.7751	12.8691
15.7751	12.9106
15.7335	12.9106
15.7335	12.9106
15.7335	12.9106
15.7335	12.9106
15.6920	12.9521
15.6920	12.9521
15.6920	12.9521
15.6920	12.9521
15.6505	12.9521
15.6505	12.9937
15.6505	12.9937
15.6505	12.9937
15.6090	12.9937
15.6090	12.9937
15.6090	12.9937
15.6090	13.0352
15.5675	13.0352
15.5675	13.0352
15.5675	13.0352
15.5675	13.0352
15.5260	13.0767
15.5260	13.0767
15.5260	13.0767
15.5260	13.0767
15.4845	13.0767
15.4845	13.1182
15.4845	13.1182
15.4429	13.1182
15.4429	13.1182
15.4429	13.1182
15.4429	13.1597
15.4014	13.1597
15.4014	13.1597
15.4014	13.1597
15.4014	13.1597
15.3599	13.1597
15.3599	13.2012
15.3599	13.2012
15.3599	13.2012
15.3184	13.2012
15.3184	13.2012
15.3184	13.2427
15.2769	13.2427
15.2769	13.2427
15.2769	13.2427
15.2769	13.2427
15.2354	13.2427
15.2354	13.2843
15.2354	13.2843
15.2354	13.2843
15.1939	13.2843
15.1939	13.2843
15.1939	13.3258
15.1524	13.3258
15.1524	13.3258
15.1524	13.3258
15.1524	13.3258
15.1108	13.3258
15.1108	13.3673
15.1108	13.3673
15.0693	13.3673
15.0693	13.3673
15.0693	13.3673
15.0693	13.4088
15.0278	13.4088
15.0278	13.4088
15.0278	13.4088
14.9863	13.4088
14.9863	13.4088
14.9863	13.4503
14.9863	13.4503
14.9448	13.4503
14.9448	13.4503
14.9448	13.4503
14.9033	13.4503
14.9033	13.4918
14.9033	13.4918
14.8618	13.4918
14.8618	13.4918
14.8618	13.4918
14.8618	13.4918
14.8202	13.5333
14.8202	13.5333
14.8202	13.5333
14.7787	13.5333
14.7787	13.5333
14.7787	13.5333
14.7372	13.5748
14.7372	13.5748
14.7372	13.5748
14.7372	13.5748
14.6957	13.5748
14.6957	13.5748
14.6957	13.6164
14.6542	13.6164
14.6542	13.6164
14.6542	13.6164
14.6127	13.6164
14.6127	13.6164
14.6127	13.6579
14.5712	13.6579
14.5712	13.6579
14.5712	13.6579
14.5712	13.6579
14.5297	13.6579
14.5297	13.6994
14.5297	13.6994
14.4881	13.6994
14.4881	13.6994
14.4881	13.6994
14.4466	13.6994
14.4466	13.7409
14.4466	13.7409
14.4051	13.7409
14.4051	13.7409
14.4051	13.7409
14.3636	13.7409
14.3636	13.7824
14.3636	13.7824
14.3221	13.7824
14.3221	13.7824
14.3221	13.7824
14.2806	13.7824
14.2806	13.8239
14.2806	13.8239
14.2391	13.8239
14.2391	13.8239
14.2391	13.8239
14.1975	13.8239
14.1975	13.8239
14.1975	13.8654
14.1560	13.8654
14.1560	13.8654
14.1560	13.8654
14.1145	13.8654
14.1145	13.8654
14.1145	13.8654
14.0730	13.9070
14.0730	13.9070
14.0730	13.9070
14.0315	13.9070
14.0315	13.9070
14.0315	13.9070
13.9900	13.9485
13.9900	13.9485
13.9900	13.9485
13.9485	13.9485
13.9485	13.9485
13.9485	13.9485
13.9070	13.9485
13.9070	13.9900
13.9070	13.9900
13.8654	13.9900
13.8654	13.9900
13.8654	13.9900
13.8239	13.9900
13.8239	13.9900
13.8239	14.0315
13.7824	14.0315
13.7824	14.0315
13.7824	14.0315
13.7409	14.0315
13.7409	14.0315
13.7409	14.0315
13.6994	14.0730
13.6994	14.0730
13.6579	14.0730
13.6579	14.0730
13.6579	14.0730
13.6164	14.0730
13.6164	14.0730
13.6164	14.1145
13.5748	14.1145
13.5748	14.1145
13.5748	14.1145
13.5333	14.1145
13.5333	14.1145
13.5333	14.1145
13.4918	14.1560
13.4918	14.1560
13.4503	14.1560
13.4503	14.1560
13.4503	14.1560
13.4088	14.1560
13.4088	14.1560
13.4088	14.1560
13.3673	14.1975
13.3673	14.1975
13.3673	14.1975
13.3258	14.1975
13.3258	14.1975
13.2843	14.1975
13.2843	14.1975
13.2843	14.1975
13.2427	14.2391
13.2427	14.2391
13.2427	14.2391
13.2012	14.2391
13.2012	14.2391
13.2012	14.2391
13.1597	14.2391
13.1597	14.2806
13.1182	14.2806
13.1182	14.2806
13.1182	14.2806
13.0767	14.2806
13.0767	14.2806
13.0767	14.2806
13.0352	14.2806
13.0352	14.3221
12.9937	14.3221
12.9937	14.3221
12.9937	14.3221
12.9521	14.3221
12.9521	14.3221
12.9521	14.3221
12.9106	14.3221
12.9106	14.3221
12.8691	14.3636
12.8691	14.3636
12.8691	14.3636
12.8276	14.3636
12.8276	14.3636
12.7861	14.3636
12.7861	14.3636
12.7861	14.3636
12.7446	14.4051
12.7446	14.4051
12.7446	14.4051
12.7031	14.4051
12.7031	14.4051
12.6616	14.4051
12.6616	14.4051
12.6616	14.4051
12.6200	14.4051
12.6200	14.4466
12.5785	14.4466
12.5785	14.4466
12.5785	14.4466
12.5370	14.4466
12.5370	14.4466
12.5370	14.4466
12.4955	14.4466
12.4955	14.4466
12.4540	14.4881
12.4540	14.4881
12.4540	14.4881
12.4125	14.4881
12.4125	14.4881
12.3710	14.4881
12.3710	14.4881
12.3710	14.4881
12.3294	14.4881
12.3294	14.5297
12.2879	14.5297
12.2879	14.5297
12.2879	14.5297
12.2464	14.5297
12.2464	14.5297
12.2049	14.5297
12.2049	14.5297
12.2049	14.5297
12.1634	14.5297
12.1634	14.5712
12.1219	14.5712
12.1219	14.5712
12.1219	14.5712
12.0804	14.5712
12.0804	14.5712
12.0389	14.5712
12.0389	14.5712
12.0389	14.5712
11.9973	14.5712
11.9973	14.6127
11.9558	14.6127
11.9558	14.6127
11.9558	14.6127
11.9143	14.6127
11.9143	14.6127
11.8728	14.6127
11.8728	14.6127
11.8313	14.6127
11.8313	14.6127
11.8313	14.6127
11.7898	14.6542
11.7898	14.6542
11.7483	14.6542
11.7483	14.6542
11.7483	14.6542
11.7067	14.6542
11.7067	14.6542
11.6652	14.6542
11.6652	14.6542
11.6237	14.6542
11.6237	14.6542
11.6237	14.6957
11.5822	14.6957
11.5822	14.6957
11.5407	14.6957
11.5407	14.6957
11.5407	14.6957
11.4992	14.6957
11.4992	14.6957
11.4577	14.6957
11.4577	14.6957
11.4162	14.6957
11.4162	14.6957
11.4162	14.7372
11.3746	14.7372
11.3746	14.7372
11.3331	14.7372
11.3331	14.7372
11.3331	14.7372
11.2916	14.7372
11.2916	14.7372
11.2501	14.7372
11.2501	14.7372
11.2086	14.7372
11.2086	14.7372
11.2086	14.7372
11.1671	14.7787
11.1671	14.7787
11.1256	14.7787
11.1256	14.7787
11.0840	14.7787
11.0840	14.7787
11.0840	14.7787
11.0425	14.7787
11.0425	14.7787
11.0010	14.7787
11.0010	14.7787
10.9595	14.7787
10.9595	14.7787
10.9595	14.8202
10.9180	14.8202
10.9180	14.8202
10.8765	14.8202
10.8765	14.8202
10.8350	14.8202
10.8350	14.8202
10.8350	14.8202
10.7935	14.8202
10.7935	14.8202
10.7519	14.8202
10.7519	14.8202
10.7104	14.8202
10.7104	14.8202
10.6689	14.8202
10.6689	14.8618
10.6689	14.8618
10.6274	14.8618
10.6274	14.8618
10.5859	14.8618
10.5859	14.8618
10.5444	14.8618
10.5444	14.8618
10.5444	14.8618
10.5029	14.8618
10.5029	14.8618
10.4613	14.8618
10.4613	14.8618
10.4198	14.8618
10.4198	14.8618
10.3783	14.8618
10.3783	14.8618
10.3783	14.9033
10.3368	14.9033
10.3368	14.9033
10.2953	14.9033
10.2953	14.9033
10.2538	14.9033
10.2538	14.9033
10.2123	14.9033
10.2123	14.9033
10.2123	14.9033
10.1708	14.9033
10.1708	14.9033
10.1292	14.9033
10.1292	14.9033
10.0877	14.9033
10.0877	14.9033
10.0462	14.9033
10.0462	14.9033
10.0462	14.9033
10.0047	14.9448
10.0047	14.9448
9.9632	14.9448
9.9632	14.9448
9.9217	14.9448
9.9217	14.9448
9.8802	14.9448
9.8802	14.9448
9.8802	14.9448
9.8387	14.9448
9.8387	14.9448
9.7971	14.9448
9.7971	14.9448
9.7556	14.9448
9.7556	14.9448
9.7141	14.9448
9.7141	14.9448
9.6726	14.9448
9.6726	14.9448
9.6726	14.9448
9.6311	14.9448
9.6311	14.9448
9.5896	14.9448
9.5896	14.9448
9.5481	14.9863
9.5481	14.9863
9.5065	14.9863
9.5065	14.9863
9.5065	14.9863
9.4650	14.9863
9.4650	14.9863
9.4235	14.9863
9.4235	14.9863
9.3820	14.9863
9.3820	14.9863
9.3405	14.9863
9.3405	14.9863
9.3405	14.9863
9.2990	14.9863
9.2990	14.9863
9.2575	14.9863
9.2575	14.9863
9.2160	14.9863
9.2160	14.9863
9.1744	14.9863
9.1744	14.9863
9.1744	14.9863
9.1329	14.9863
9.1329	14.9863
9.0914	14.9863
9.0914	14.9863
9.0499	14.9863
9.0499	14.9863
9.0084	14.9863
9.0084	14.9863
9.0084	14.9863
8.9669	14.9863
8.9669	14.9863
8.9254	14.9863
8.9254	14.9863
8.8838	14.9863
8.8838	14.9863
8.8423	14.9863
8.8423	14.9863
8.8423	14.9863
8.8008	14.9863
8.8008	14.9863
8.7593	14.9863
8.7593	14.9863
8.7178	14.9863
8.7178	14.9863
8.7178	14.9863
8.6763	14.9863
8.6763	14.9863
8.6348	14.9863
8.6348	14.9863
8.5933	14.9863
8.5933	14.9863
8.5933	14.9863
8.5517	14.9863
8.5517	14.9863
8.5102	14.9863
8.5102	14.9863
8.4687	14.9863
8.4687	14.9863
8.4272	14.9863
8.4272	14.9863
8.4272	14.9863
8.3857	14.9863
8.3857	14.9863
8.3442	14.9863
8.3442	14.9863
8.3027	14.9863
8.3027	14.9863
8.3027	14.9863
8.2611	14.9863
8.2611	14.9863
8.2196	14.9863
8.2196	14.9863
8.1781	14.9863
8.1781	14.9863
8.1781	14.9863
8.1366	14.9863
8.1366	14.9863
8.0951	14.9863
8.0951	14.9863
8.0951	14.9863
8.0536	14.9863
8.0536	14.9863
8.0121	14.9863
8.0121	14.9863
7.9706	14.9863
7.9706	14.9863
7.9706	14.9863
7.9290	14.9863
7.9290	14.9863
7.8875	14.9863
7.8875	14.9863
7.8460	14.9863
7.8460	14.9863
7.8460	14.9863
7.8045	14.9863
7.8045	14.9863
7.7630	14.9863
7.7630	14.9863
7.7630	14.9863
7.7215	14.9863
7.7215	14.9863
7.6800	14.9863
7.6800	14.9863
7.6384	14.9863
7.6384	14.9863
7.6384	14.9863
7.5969	14.9863
7.5969	14.9863
7.5554	14.9863
7.5554	14.9448
7.5554	14.9448
7.5139	14.9448
7.5139	14.9448
7.4724	14.9448
7.4724	14.9448
7.4309	14.9448
7.4309	14.9448
7.4309	14.9448
7.3894	14.9448
7.3894	14.9448
7.3479	14.9448
7.3479	14.9448
7.3479	14.9448
7.3063	14.9448
7.3063	14.9448
7.2648	14.9448
7.2648	14.9448
7.2648	14.9448
7.2233	14.9448
7.2233	14.9448
7.1818	14.9448
7.1818	14.9448
7.1818	14.9033
7.1403	14.9033
7.1403	14.9033
7.0988	14.9033
7.0988	14.9033
7.0988	14.9033
7.0573	14.9033
7.0573	14.9033
7.0157	14.9033
7.0157	14.9033
7.0157	14.9033
6.9742	14.9033
6.9742	14.9033
6.9327	14.9033
6.9327	14.9033
6.9327	14.9033
6.8912	14.9033
6.8912	14.9033
6.8497	14.8618
6.8497	14.8618
6.8497	14.8618
6.8082	14.8618
6.8082	14.8618
6.7667	14.8618
6.7667	14.8618
6.7667	14.8618
6.7252	14.8618
6.7252	14.8618
6.6836	14.8618
6.6836	14.8618
6.6836	14.8618
6.6421	14.8618
6.6421	14.8618
6.6421	14.8618
6.6006	14.8202
6.6006	14.8202
6.5591	14.8202
6.5591	14.8202
6.5591	14.8202
6.5176	14.8202
6.5176	14.8202
6.4761	14.8202
6.4761	14.8202
6.4761	14.8202
6.4346	14.8202
6.4346	14.8202
6.4346	14.8202
6.3930	14.7787
6.3930	14.7787
6.3515	14.7787
6.3515	14.7787
6.3515	14.7787
6.3100	14.7787
6.3100	14.7787
6.2685	14.7787
6.2685	14.7787
6.2685	14.7787
6.2270	14.7787
6.2270	14.7787
6.2270	14.7372
6.1855	14.7372
6.1855	14.7372
6.1440	14.7372
6.1440	14.7372
6.1440	14.7372
6.1025	14.7372
6.1025	14.7372
6.1025	14.7372
6.0609	14.7372
6.0609	14.7372
6.0194	14.6957
6.0194	14.6957
6.0194	14.6957
5.9779	14.6957
5.9779	14.6957
5.9779	14.6957
5.9364	14.6957
5.9364	14.6957
5.9364	14.6957
5.8949	14.6957
5.8949	14.6957
5.8534	14.6542
5.8534	14.6542
5.8534	14.6542
5.8119	14.6542
5.8119	14.6542
5.8119	14.6542
5.7703	14.6542
5.7703	14.6542
5.7703	14.6542
5.7288	14.6542
5.7288	14.6127
5.6873	14.6127
5.6873	14.6127
5.6873	14.6127
5.6458	14.6127
5.6458	14.6127
5.6458	14.6127
5.6043	14.6127
5.6043	14.6127
5.6043	14.5712
5.5628	14.5712
5.5628	14.5712
5.5628	14.5712
5.5213	14.5712
5.5213	14.5712
5.4798	14.5712
5.4798	14.5712
5.4798	14.5712
5.4382	14.5297
5.4382	14.5297
5.4382	14.5297
5.3967	14.5297
5.3967	14.5297
5.3967	14.5297
5.3552	14.5297
5.3552	14.5297
5.3552	14.4881
5.3137	14.4881
5.3137	14.4881
5.3137	14.4881
5.2722	14.4881
5.2722	14.4881
5.2722	14.4881
5.2307	14.4881
5.2307	14.4466
5.2307	14.4466
5.1892	14.4466
5.1892	14.4466
5.1892	14.4466
5.1476	14.4466
5.1476	14.4466
5.1476	14.4466
5.1061	14.4051
5.1061	14.4051
5.1061	14.4051
5.0646	14.4051
5.0646	14.4051
5.0646	14.4051
5.0231	14.4051
5.0231	14.4051
5.0231	14.3636
4.9816	14.3636
4.9816	14.3636
4.9816	14.3636
4.9401	14.3636
4.9401	14.3636
4.9401	14.3636
4.8986	14.3221
4.8986	14.3221
4.8986	14.3221
4.8571	14.3221
4.8571	14.3221
4.8571	14.3221
4.8155	14.3221
4.8155	14.2806
4.8155	14.2806
4.7740	14.2806
4.7740	14.2806
4.7740	14.2806
4.7325	14.2806
4.7325	14.2806
4.7325	14.2391
4.6910	14.2391
4.6910	14.2391
4.6910	14.2391
4.6495	14.2391
4.6495	14.2391
4.6495	14.2391
4.6080	14.1975
4.6080	14.1975
4.6080	14.1975
4.6080	14.1975
4.5665	14.1975
4.5665	14.1975
4.5665	14.1560
4.5249	14.1560
4.5249	14.1560
4.5249	14.1560
4.4834	14.1560
4.4834	14.1560
4.4834	14.1560
4.4419	14.1145
4.4419	14.1145
4.4419	14.1145
4.4419	14.1145
4.4004	14.1145
4.4004	14.1145
4.4004	14.0730
4.3589	14.0730
4.3589	14.0730
4.3589	14.0730
4.3174	14.0730
4.3174	14.0730
4.3174	14.0315
4.3174	14.0315
4.2759	14.0315
4.2759	14.0315
4.2759	14.0315
4.2344	14.0315
4.2344	13.9900
4.2344	13.9900
4.1928	13.9900
4.1928	13.9900
4.1928	13.9900
4.1928	13.9900
4.1513	13.9485
4.1513	13.9485
4.1513	13.9485
4.1098	13.9485
4.1098	13.9485
4.1098	13.9485
4.1098	13.9070
4.0683	13.9070
4.0683	13.9070
4.0683	13.9070
4.0268	13.9070
4.0268	13.9070
4.0268	13.8654
4.0268	13.8654
3.9853	13.8654
3.9853	13.8654
3.9853	13.8654
3.9438	13.8239
3.9438	13.8239
3.9438	13.8239
3.9438	13.8239
3.9022	13.8239
3.9022	13.8239
3.9022	13.7824
3.9022	13.7824
3.8607	13.7824
3.8607	13.7824
3.8607	13.7824
3.8192	13.7409
3.8192	13.7409
3.8192	13.7409
3.8192	13.7409
3.7777	13.7409
3.7777	13.6994
3.7777	13.6994
3.7777	13.6994
3.7362	13.6994
3.7362	13.6994
3.7362	13.6994
3.6947	13.6579
3.6947	13.6579
3.6947	13.6579
3.6947	13.6579
3.6532	13.6579
3.6532	13.6164
3.6532	13.6164
3.6532	13.6164
3.6117	13.6164
3.6117	13.6164
3.6117	13.5748
3.6117	13.5748
3.5701	13.5748
3.5701	13.5748
3.5701	13.5748
3.5701	13.5333
3.5286	13.5333
3.5286	13.5333
3.5286	13.5333
3.5286	13.5333
3.4871	13.4918
3.4871	13.4918
3.4871	13.4918
3.4871	13.4918
3.4456	13.4918
3.4456	13.4503
3.4456	13.4503
3.4456	13.4503
3.4041	13.4503
3.4041	13.4503
3.4041	13.4088
3.4041	13.4088
3.3626	13.4088
3.3626	13.4088
3.3626	13.3673
3.3626	13.3673
3.3211	13.3673
3.3211	13.3673
3.3211	13.3673
3.3211	13.3258
3.2796	13.3258
3.2796	13.3258
3.2796	13.3258
3.2796	13.3258
3.2796	13.2843
3.2380	13.2843
3.2380	13.2843
3.2380	13.2843
3.2380	13.2843
3.1965	13.2427
3.1965	13.2427
3.1965	13.2427
3.1965	13.2427
3.1550	13.2012
3.1550	13.2012
3.1550	13.2012
3.1550	13.2012
3.1550	13.2012
3.1135	13.1597
3.1135	13.1597
3.1135	13.1597
3.1135	13.1597
3.0720	13.1182
3.0720	13.1182
3.0720	13.1182
3.0720	13.1182
3.0720	13.1182
3.0305	13.0767
3.0305	13.0767
3.0305	13.0767
3.0305	13.0767
3.0305	13.0352
2.9890	13.0352
2.9890	13.0352
2.9890	13.0352
2.9890	12.9937
2.9474	12.9937
2.9474	12.9937
2.9474	12.9937
2.9474	12.9937
2.9474	12.9521
2.9059	12.9521
2.9059	12.9521
2.9059	12.9521
2.9059	12.9106
2.9059	12.9106
2.8644	12.9106
2.8644	12.9106
2.8644	12.8691
2.8644	12.8691
2.8644	12.8691
2.8229	12.8691
2.8229	12.8691
2.8229	12.8276
2.8229	12.8276
2.8229	12.8276
2.7814	12.8276
2.7814	12.7861
2.7814	12.7861
2.7814	12.7861
2.7814	12.7861
2.7399	12.7446
2.7399	12.7446
2.7399	12.7446
2.7399	12.7446
2.7399	12.7031
2.7399	12.7031
2.6984	12.7031
2.6984	12.7031
2.6984	12.6616
2.6984	12.6616
2.6984	12.6616
2.6569	12.6616
2.6569	12.6200
2.6569	12.6200
2.6569	12.6200
2.6569	12.6200
2.6569	12.5785
2.6153	12.5785
2.6153	12.5785
2.6153	12.5785
2.6153	12.5370
2.6153	12.5370
2.5738	12.5370
2.5738	12.5370
2.5738	12.4955
2.5738	12.4955
2.5738	12.4955
2.5738	12.4955
2.5323	12.4540
2.5323	12.4540
2.5323	12.4540
2.5323	12.4540
2.5323	12.4125
2.5323	12.4125
2.4908	12.4125
2.4908	12.4125
2.4908	12.3710
2.4908	12.3710
2.4908	12.3710
2.4493	12.3710
2.4493	12.3294
2.4493	12.3294
2.4493	12.3294
2.4493	12.3294
2.4493	12.2879
2.4078	12.2879
2.4078	12.2879
2.4078	12.2879
2.4078	12.2464
2.4078	12.2464
2.4078	12.2464
2.4078	12.2464
2.3663	12.2049
2.3663	12.2049
2.3663	12.2049
2.3663	12.2049
2.3663	12.1634
2.3663	12.1634
2.3247	12.1634
2.3247	12.1634
2.3247	12.1219
2.3247	12.1219
2.3247	12.1219
2.3247	12.1219
2.2832	12.0804
2.2832	12.0804
2.2832	12.0804
2.2832	12.0804
2.2832	12.0389
2.2832	12.0389
2.2832	12.0389
2.2417	12.0389
2.2417	11.9973
2.2417	11.9973
2.2417	11.9973
2.2417	11.9558
2.2417	11.9558
2.2002	11.9558
2.2002	11.9558
2.2002	11.9143
2.2002	11.9143
2.2002	11.9143
2.2002	11.9143
2.2002	11.8728
2.1587	11.8728
2.1587	11.8728
2.1587	11.8728
2.1587	11.8313
2.1587	11.8313
2.1587	11.8313
2.1587	11.8313
2.1172	11.7898
2.1172	11.7898
2.1172	11.7898
2.1172	11.7898
2.1172	11.7483
2.1172	11.7483
2.1172	11.7483
2.0757	11.7067
2.0757	11.7067
2.0757	11.7067
2.0757	11.7067
2.0757	11.6652
2.0757	11.6652
2.0757	11.6652
2.0342	11.6652
2.0342	11.6237
2.0342	11.6237
2.0342	11.6237
2.0342	11.6237
2.0342	11.5822
2.0342	11.5822
2.0342	11.5822
1.9926	11.5407
1.9926	11.5407
1.9926	11.5407
1.9926	11.5407
1.9926	11.4992
1.9926	11.4992
1.9926	11.4992
1.9926	11.4992
1.9511	11.4577
1.9511	11.4577
1.9511	11.4577
1.9511	11.4577
1.9511	11.4162
1.9511	11.4162
1.9511	11.4162
1.9511	11.3746
1.9096	11.3746
1.9096	11.3746
1.9096	11.3746
1.9096	11.3331
1.9096	11.3331
1.9096	11.3331
1.9096	11.3331
1.9096	11.2916
1.8681	11.2916
1.8681	11.2916
1.8681	11.2916
1.8681	11.2501
1.8681	11.2501
1.8681	11.2501
1.8681	11.2086
1.8681	11.2086
1.8681	11.2086
1.8266	11.2086
1.8266	11.1671
1.8266	11.1671
1.8266	11.1671
1.8266	11.1671
1.8266	11.1256
1.8266	11.1256
1.8266	11.1256
1.8266	11.0840
1.7851	11.0840
1.7851	11.0840
1.7851	11.0840
1.7851	11.0425
1.7851	11.0425
1.7851	11.0425
1.7851	11.0425
1.7851	11.0010
1.7851	11.0010
1.7851	11.0010
1.7436	10.9595
1.7436	10.9595
1.7436	10.9595
1.7436	10.9595
1.7436	10.9180
1.7436	10.9180
1.7436	10.9180
1.7436	10.9180
1.7436	10.8765
1.7436	10.8765
1.7020	10.8765
1.7020	10.8350
1.7020	10.8350
1.7020	10.8350
1.7020	10.8350
1.7020	10.7935
1.7020	10.7935
1.7020	10.7935
1.7020	10.7935
1.7020	10.7519
1.7020	10.7519
1.6605	10.7519
1.6605	10.7104
1.6605	10.7104
1.6605	10.7104
1.6605	10.7104
1.6605	10.6689
1.6605	10.6689
1.6605	10.6689
1.6605	10.6689
1.6605	10.6274
1.6605	10.6274
1.6190	10.6274
1.6190	10.5859
1.6190	10.5859
1.6190	10.5859
1.6190	10.5859
1.6190	10.5444
1.6190	10.5444
1.6190	10.5444
1.6190	10.5444
1.6190	10.5029
1.6190	10.5029
1.6190	10.5029
1.6190	10.4613
1.5775	10.4613
1.5775	10.4613
1.5775	10.4613
1.5775	10.4198
1.5775	10.4198
1.5775	10.4198
1.5775	10.3783
1.5775	10.3783
1.5775	10.3783
1.5775	10.3783
1.5775	10.3368
1.5775	10.3368
1.5775	10.3368
1.5775	10.3368
1.5360	10.2953
1.5360	10.2953
1.5360	10.2953
1.5360	10.2538
1.5360	10.2538
1.5360	10.2538
1.5360	10.2538
1.5360	10.2123
1.5360	10.2123
1.5360	10.2123
1.5360	10.1708
1.5360	10.1708
1.5360	10.1708
1.5360	10.1708
1.5360	10.1292
1.5360	10.1292
1.4945	10.1292
1.4945	10.1292
1.4945	10.0877
1.4945	10.0877
1.4945	10.0877
1.4945	10.0462
1.4945	10.0462
1.4945	10.0462
1.4945	10.0462
1.4945	10.0047
1.4945	10.0047
1.4945	10.0047
1.4945	9.9632
1.4945	9.9632
1.4945	9.9632
1.4945	9.9632
1.4945	9.9217
1.4945	9.9217
1.4945	9.9217
1.4530	9.9217
1.4530	9.8802
1.4530	9.8802
1.4530	9.8802
1.4530	9.8387
1.4530	9.8387
1.4530	9.8387
1.4530	9.8387
1.4530	9.7971
1.4530	9.7971
1.4530	9.7971
1.4530	9.7556
1.4530	9.7556
1.4530	9.7556
1.4530	9.7556
1.4530	9.7141
1.4530	9.7141
1.4530	9.7141
1.4530	9.6726
1.4530	9.6726
1.4530	9.6726
1.4530	9.6726
1.4530	9.6311
1.4530	9.6311
1.4530	9.6311
1.4115	9.6311
1.4115	9.5896
1.4115	9.5896
1.4115	9.5896
1.4115	9.5481
1.4115	9.5481
1.4115	9.5481
1.4115	9.5481
1.4115	9.5065
1.4115	9.5065
1.4115	9.5065
1.4115	9.4650
1.4115	9.4650
1.4115	9.4650
1.4115	9.4650
1.4115	9.4235
1.4115	9.4235
1.4115	9.4235
1.4115	9.4235
1.4115	9.3820
1.4115	9.3820
1.4115	9.3820
1.4115	9.3405
1.4115	9.3405
1.4115	9.3405
1.4115	9.3405
1.4115	9.2990
1.4115	9.2990
1.4115	9.2990
1.4115	9.2575
1.4115	9.2575
1.4115	9.2575
1.4115	9.2575
1.4115	9.2160
1.4115	9.2160
1.4115	9.2160
1.4115	9.1744
1.4115	9.1744
1.4115	9.1744
1.4115	9.1744
1.4115	9.1329
1.4115	9.1329
1.4115	9.1329
1.4115	9.1329
1.4115	9.0914
1.4115	9.0914
1.4115	9.0914
1.4115	9.0499
1.4115	9.0499
1.4115	9.0499
1.4115	9.0499
1.4115	9.0084
1.4115	9.0084
1.4115	9.0084
1.4115	8.9669
1.4115	8.9669
1.4115	8.9669
1.4115	8.9669
1.4115	8.9254
1.4115	8.9254
1.4115	8.9254
1.4115	8.9254
1.4115	8.8838
1.4115	8.8838
1.4115	8.8838
1.4115	8.8423
1.4115	8.8423
1.4115	8.8423
1.4115	8.8423
1.4115	8.8008
1.4115	8.8008
1.4115	8.8008
1.4115	8.7593
1.4115	8.7593
1.4115	8.7593
1.4115	8.7593
1.4115	8.7178
1.4115	8.7178
1.4115	8.7178
1.4115	8.7178
1.4115	8.6763
1.4115	8.6763
1.4115	8.6763
1.4115	8.6348
1.4115	8.6348
1.4115	8.6348
1.4115	8.6348
1.4115	8.5933
1.4115	8.5933
1.4115	8.5933
1.4115	8.5517
1.4115	8.5517
1.4115	8.5517
1.4115	8.5517
1.4115	8.5102
1.4115	8.5102
1.4115	8.5102
1.4115	8.5102
1.4115	8.4687
1.4115	8.4687
1.4115	8.4687
1.4115	8.4272
1.4115	8.4272
1.4115	8.4272
1.4115	8.4272
1.4115	8.3857
1.4115	8.3857
1.4115	8.3857
1.4115	8.3857
1.4530	8.3442
1.4530	8.3442
1.4530	8.3442
1.4530	8.3027
1.4530	8.3027
1.4530	8.3027
1.4530	8.3027
1.4530	8.2611
1.4530	8.2611
1.4530	8.2611
1.4530	8.2611
1.4530	8.2196
1.4530	8.2196
1.4530	8.2196
1.4530	8.1781
1.4530	8.1781
1.4530	8.1781
1.4530	8.1781
1.4530	8.1366
1.4530	8.1366
1.4530	8.1366
1.4530	8.1366
1.4530	8.0951
1.4530	8.0951
1.4530	8.0951
1.4945	8.0536
1.4945	8.0536
1.4945	8.0536
1.4945	8.0536
1.4945	8.0121
1.4945	8.0121
1.4945	8.0121
1.4945	8.0121
1.4945	7.9706
1.4945	7.9706
1.4945	7.9706
1.4945	7.9290
1.4945	7.9290
1.4945	7.9290
1.4945	7.9290
1.4945	7.8875
1.4945	7.8875
1.4945	7.8875
1.4945	7.8875
1.5360	7.8460
1.5360	7.8460
1.5360	7.8460
1.5360	7.8460
1.5360	7.8045
1.5360	7.8045
1.5360	7.8045
1.5360	7.7630
1.5360	7.7630
1.5360	7.7630
1.5360	7.7630
1.5360	7.7215
1.5360	7.7215
1.5360	7.7215
1.5360	7.7215
1.5360	7.6800
1.5775	7.6800
1.5775	7.6800
1.5775	7.6384
1.5775	7.6384
1.5775	7.6384
1.5775	7.6384
1.5775	7.5969
1.5775	7.5969
1.5775	7.5969
1.5775	7.5969
1.5775	7.5554
1.5775	7.5554
1.5775	7.5554
1.5775	7.5554
1.6190	7.5139
1.6190	7.5139
1.6190	7.5139
1.6190	7.5139
1.6190	7.4724
1.6190	7.4724
1.6190	7.4724
1.6190	7.4309
1.6190	7.4309
1.6190	7.4309
1.6190	7.4309
1.6190	7.3894
1.6190	7.3894
1.6605	7.3894
1.6605	7.3894
1.6605	7.3479
1.6605	7.3479
1.6605	7.3479
1.6605	7.3479
1.6605	7.3063
1.6605	7.3063
1.6605	7.3063
1.6605	7.3063
1.6605	7.2648
1.7020	7.2648
1.7020	7.2648
1.7020	7.2233
1.7020	7.2233
1.7020	7.2233
1.7020	7.2233
1.7020	7.1818
1.7020	7.1818
1.7020	7.1818
1.7020	7.1818
1.7020	7.1403
1.7436	7.1403
1.7436	7.1403
1.7436	7.1403
1.7436	7.0988
1.7436	7.0988
1.7436	7.0988
1.7436	7.0988
1.7436	7.0573
1.7436	7.0573
1.7436	7.0573
1.7851	7.0573
1.7851	7.0157
1.7851	7.0157
1.7851	7.0157
1.7851	7.0157
1.7851	6.9742
1.7851	6.9742
1.7851	6.9742
1.7851	6.9742
1.7851	6.9327
1.8266	6.9327
1.8266	6.9327
1.8266	6.9327
1.8266	6.8912
1.8266	6.8912
1.8266	6.8912
1.8266	6.8912
1.8266	6.8497
1.8266	6.8497
1.8681	6.8497
1.8681	6.8082
1.8681	6.8082
1.8681	6.8082
1.8681	6.8082
1.8681	6.7667
1.8681	6.7667
1.8681	6.7667
1.8681	6.7667
1.9096	6.7252
1.9096	6.7252
1.9096	6.7252
1.9096	6.7252
1.9096	6.6836
1.9096	6.6836
1.9096	6.6836
1.9096	6.6836
1.9096	6.6836
1.9511	6.6421
1.9511	6.6421
1.9511	6.6421
1.9511	6.6421
1.9511	6.6006
1.9511	6.6006
1.9511	6.6006
1.9511	6.6006
1.9926	6.5591
1.9926	6.5591
1.9926	6.5591
1.9926	6.5591
1.9926	6.5176
1.9926	6.5176
1.9926	6.5176
1.9926	6.5176
1.9926	6.4761
2.0342	6.4761
2.0342	6.4761
2.0342	6.4761
2.0342	6.4346
2.0342	6.4346
2.0342	6.4346
2.0342	6.4346
2.0342	6.3930
2.0757	6.3930
2.0757	6.3930
2.0757	6.3930
2.0757	6.3515
2.0757	6.3515
2.0757	6.3515
2.0757	6.3515
2.1172	6.3100
2.1172	6.3100
2.1172	6.3100
2.1172	6.3100
2.1172	6.3100
2.1172	6.2685
2.1172	6.2685
2.1172	6.2685
2.1587	6.2685
2.1587	6.2270
2.1587	6.2270
2.1587	6.2270
2.1587	6.2270
2.1587	6.1855
2.1587	6.1855
2.2002	6.1855
2.2002	6.1855
2.2002	6.1440
2.2002	6.1440
2.2002	6.1440
2.2002	6.1440
2.2002	6.1440
2.2002	6.1025
2.2417	6.1025
2.2417	6.1025
2.2417	6.1025
2.2417	6.0609
2.2417	6.0609
2.2417	6.0609
2.2417	6.0609
2.2832	6.0194
2.2832	6.0194
2.2832	6.0194
2.2832	6.0194
2.2832	6.0194
2.2832	5.9779
2.2832	5.9779
2.3247	5.9779
2.3247	5.9779
2.3247	5.9364
2.3247	5.9364
2.3247	5.9364
2.3247	5.9364
2.3663	5.9364
2.3663	5.8949
2.3663	5.8949
2.3663	5.8949
2.3663	5.8949
2.3663	5.8534
2.3663	5.8534
2.4078	5.8534
2.4078	5.8534
2.4078	5.8119
2.4078	5.8119
2.4078	5.8119
2.4078	5.8119
2.4078	5.8119
2.4493	5.7703
2.4493	5.7703
2.4493	5.7703
2.4493	5.7703
2.4493	5.7703
2.4493	5.7288
2.4908	5.7288
2.4908	5.7288
2.4908	5.7288
2.4908	5.6873
2.4908	5.6873
2.4908	5.6873
2.4908	5.6873
2.5323	5.6873
2.5323	5.6458
2.5323	5.6458
2.5323	5.6458
2.5323	5.6458
2.5323	5.6043
2.5738	5.6043
2.5738	5.6043
2.5738	5.6043
2.5738	5.6043
2.5738	5.5628
2.5738	5.5628
2.6153	5.5628
2.6153	5.5628
2.6153	5.5628
2.6153	5.5213
2.6153	5.5213
2.6153	5.5213
2.6569	5.5213
2.6569	5.5213
2.6569	5.4798
2.6569	5.4798
2.6569	5.4798
2.6569	5.4798
2.6984	5.4382
2.6984	5.4382
2.6984	5.4382
2.6984	5.4382
2.6984	5.4382
2.6984	5.3967
2.7399	5.3967
2.7399	5.3967
2.7399	5.3967
2.7399	5.3967
2.7399	5.3552
2.7399	5.3552
2.7814	5.3552
2.7814	5.3552
2.7814	5.3552
2.7814	5.3137
2.7814	5.3137
2.7814	5.3137
2.8229	5.3137
2.8229	5.3137
2.8229	5.2722
2.8229	5.2722
2.8229	5.2722
2.8644	5.2722
2.8644	5.2722
2.8644	5.2307
2.8644	5.2307
2.8644	5.2307
2.8644	5.2307
2.9059	5.2307
2.9059	5.1892
2.9059	5.1892
2.9059	5.1892
2.9059	5.1892
2.9059	5.1892
2.9474	5.1476
2.9474	5.1476
2.9474	5.1476
2.9474	5.1476
2.9474	5.1476
2.9890	5.1061
2.9890	5.1061
2.9890	5.1061
2.9890	5.1061
2.9890	5.1061
2.9890	5.0646
3.0305	5.0646
3.0305	5.0646
3.0305	5.0646
3.0305	5.0646
3.0305	5.0646
3.0720	5.0231
3.0720	5.0231
3.0720	5.0231
3.0720	5.0231
3.0720	5.0231
3.1135	4.9816
3.1135	4.9816
3.1135	4.9816
3.1135	4.9816
3.1135	4.9816
3.1135	4.9401
3.1550	4.9401
3.1550	4.9401
3.1550	4.9401
3.1550	4.9401
3.1550	4.9401
3.1965	4.8986
3.1965	4.8986
3.1965	4.8986
3.1965	4.8986
3.1965	4.8986
3.2380	4.8571
3.2380	4.8571
3.2380	4.8571
3.2380	4.8571
3.2380	4.8571
3.2796	4.8571
3.2796	4.8155
3.2796	4.8155
3.2796	4.8155
3.2796	4.8155
3.2796	4.8155
3.3211	4.7740
3.3211	4.7740
3.3211	4.7740
3.3211	4.7740
3.3211	4.7740
3.3626	4.7740
3.3626	4.7325
3.3626	4.7325
3.3626	4.7325
3.3626	4.7325
3.4041	4.7325
3.4041	4.7325
3.4041	4.6910
3.4041	4.6910
3.4041	4.6910
3.4456	4.6910
3.4456	4.6910
3.4456	4.6910
3.4456	4.6495
3.4456	4.6495
3.4871	4.6495
3.4871	4.6495
3.4871	4.6495
3.4871	4.6495
3.4871	4.6080
3.5286	4.6080
3.5286	4.6080
3.5286	4.6080
3.5286	4.6080
3.5701	4.6080
3.5701	4.5665
3.5701	4.5665
3.5701	4.5665
3.5701	4.5665
3.6117	4.5665
3.6117	4.5665
3.6117	4.5249
3.6117	4.5249
3.6117	4.5249
3.6532	4.5249
3.6532	4.5249
3.6532	4.5249
3.6532	4.4834
3.6532	4.4834
3.6947	4.4834
3.6947	4.4834
3.6947	4.4834
3.6947	4.4834
3.6947	4.4419
3.7362	4.4419
3.7362	4.4419
3.7362	4.4419
3.7362	4.4419
3.7777	4.4419
3.7777	4.4419
3.7777	4.4004
3.7777	4.4004
3.7777	4.4004
3.8192	4.4004
3.8192	4.4004
3.8192	4.4004
3.8192	4.4004
3.8192	4.3589
3.8607	4.3589
3.8607	4.3589
3.8607	4.3589
3.8607	4.3589
3.9022	4.3589
3.9022	4.3174
3.9022	4.3174
3.9022	4.3174
3.9022	4.3174
3.9438	4.3174
3.9438	4.3174
3.9438	4.3174
3.9438	4.2759
3.9438	4.2759
3.9853	4.2759
3.9853	4.2759
3.9853	4.2759
3.9853	4.2759
4.0268	4.2759
4.0268	4.2344
4.0268	4.2344
4.0268	4.2344
4.0268	4.2344
4.0683	4.2344
4.0683	4.2344
4.0683	4.2344
4.0683	4.1928
4.1098	4.1928
4.1098	4.1928
4.1098	4.1928
4.1098	4.1928
4.1098	4.1928
4.1513	4.1928
4.1513	4.1928
4.1513	4.1513
4.1513	4.1513
4.1928	4.1513
4.1928	4.1513
4.1928	4.1513
4.1928	4.1513
4.1928	4.1513
4.2344	4.1098
4.2344	4.1098
4.2344	4.1098
4.2344	4.1098
4.2759	4.1098
4.2759	4.1098
4.2759	4.1098
4.2759	4.1098
4.3174	4.0683
4.3174	4.0683
4.3174	4.0683
4.3174	4.0683
4.3174	4.0683
4.3589	4.0683
4.3589	4.0683
4.3589	4.0683
4.3589	4.0268
4.4004	4.0268
4.4004	4.0268
4.4004	4.0268
4.4004	4.0268
4.4419	4.0268
4.4419	4.0268
4.4419	4.0268
4.4419	3.9853
4.4419	3.9853
4.4834	3.9853
4.4834	3.9853
4.4834	3.9853
4.4834	3.9853
4.5249	3.9853
4.5249	3.9853
4.5249	3.9438
4.5249	3.9438
4.5665	3.9438
4.5665	3.9438
4.5665	3.9438
4.5665	3.9438
4.5665	3.9438
4.6080	3.9438
4.6080	3.9438
4.6080	3.9022
4.6080	3.9022
4.6495	3.9022
4.6495	3.9022
4.6495	3.9022
4.6495	3.9022
4.6910	3.9022
4.6910	3.9022
4.6910	3.9022
4.6910	3.8607
4.7325	3.8607
4.7325	3.8607
4.7325	3.8607
4.7325	3.8607
4.7325	3.8607
4.7740	3.8607
4.7740	3.8607
4.7740	3.8607
4.7740	3.8607
4.8155	3.8192
4.8155	3.8192
4.8155	3.8192
4.8155	3.8192
4.8571	3.8192
4.8571	3.8192
4.8571	3.8192
4.8571	3.8192
4.8986	3.8192
4.8986	3.8192
4.8986	3.7777
4.8986	3.7777
4.9401	3.7777
4.9401	3.7777
4.9401	3.7777
4.9401	3.7777
4.9816	3.7777
4.9816	3.7777
4.9816	3.7777
4.9816	3.7777
5.0231	3.7362
5.0231	3.7362
5.0231	3.7362
5.0231	3.7362
5.0646	3.7362
5.0646	3.7362
5.0646	3.7362
5.0646	3.7362
5.0646	3.7362
5.1061	3.7362
5.1061	3.7362
5.1061	3.6947
5.1061	3.6947
5.1476	3.6947
5.1476	3.6947
5.1476	3.6947
5.1476	3.6947
5.1892	3.6947
5.1892	3.6947
5.1892	3.6947
5.1892	3.6947
5.2307	3.6947
5.2307	3.6947
5.2307	3.6532
5.2307	3.6532
5.2722	3.6532
5.2722	3.6532
5.2722	3.6532
5.2722	3.6532
5.3137	3.6532
5.3137	3.6532
5.3137	3.6532
5.3137	3.6532
5.3552	3.6532
5.3552	3.6532
5.3552	3.6532
5.3552	3.6117
5.3967	3.6117
5.3967	3.6117
5.3967	3.6117
5.3967	3.6117
5.4382	3.6117
5.4382	3.6117
5.4382	3.6117
5.4382	3.6117
5.4798	3.6117
5.4798	3.6117
5.4798	3.6117
5.4798	3.6117
5.5213	3.6117
5.5213	3.5701
5.5213	3.5701
5.5213	3.5701
5.5628	3.5701
5.5628	3.5701
5.5628	3.5701
5.5628	3.5701
5.6043	3.5701
5.6043	3.5701
5.6043	3.5701
5.6043	3.5701
5.6458	3.5701
5.6458	3.5701
5.6458	3.5701
5.6458	3.5701
5.6873	3.5286
5.6873	3.5286
5.6873	3.5286
5.6873	3.5286
5.7288	3.5286
5.7288	3.5286
5.7288	3.5286
5.7703	3.5286
5.7703	3.5286
5.7703	3.5286
5.7703	3.5286
5.8119	3.5286
5.8119	3.5286
5.8119	3.5286
5.8119	3.5286
5.8534	3.5286
5.8534	3.5286
5.8534	3.4871
5.8534	3.4871
5.8949	3.4871
5.8949	3.4871
5.8949	3.4871
5.8949	3.4871
5.9364	3.4871
5.9364	3.4871
5.9364	3.4871
5.9364	3.4871
5.9779	3.4871
5.9779	3.4871
5.9779	3.4871
6.0194	3.4871
6.0194	3.4871
6.0194	3.4871
6.0194	3.4871
6.0609	3.4456
6.0609	3.4456
6.0609	3.4456
6.0609	3.4456
6.1025	3.4456
6.1025	3.4456
6.1025	3.4456
6.1440	3.4456
6.1440	3.4456
6.1440	3.4456
6.1440	3.4456
6.1855	3.4456
6.1855	3.4456
6.1855	3.4456
6.1855	3.4456
6.2270	3.4456
6.2270	3.4456
6.2270	3.4456
6.2685	3.4456
6.2685	3.4041
6.2685	3.4041
6.2685	3.4041
6.3100	3.4041
6.3100	3.4041
6.3100	3.4041
6.3100	3.4041
6.3515	3.4041
6.3515	3.4041
6.3515	3.4041
6.3930	3.4041
6.3930	3.4041
6.3930	3.4041
6.3930	3.4041
6.4346	3.4041
6.4346	3.4041
6.4346	3.4041
6.4761	3.4041
6.4761	3.4041
6.4761	3.4041
6.4761	3.3626
6.5176	3.3626
6.5176	3.3626
6.5176	3.3626
6.5591	3.3626
6.5591	3.3626
6.5591	3.3626
6.5591	3.3626
6.6006	3.3626
6.6006	3.3626
6.6006	3.3626
6.6421	3.3626
6.6421	3.3626
6.6421	3.3626
6.6421	3.3626
6.6836	3.3626
6.6836	3.3626
6.6836	3.3626
6.7252	3.3626
6.7252	3.3626
6.7252	3.3626
6.7252	3.3211
6.7667	3.3211
6.7667	3.3211
6.7667	3.3211
6.8082	3.3211
6.8082	3.3211
6.8082	3.3211
6.8082	3.3211
6.8497	3.3211
6.8497	3.3211
6.8497	3.3211
6.8912	3.3211
6.8912	3.3211
6.8912	3.3211
6.9327	3.3211
6.9327	3.3211
6.9327	3.3211
6.9327	3.3211
6.9742	3.3211
6.9742	3.3211
6.9742	3.3211
7.0157	3.3211
7.0157	3.3211
7.0157	3.2796
7.0157	3.2796
7.0573	3.2796
7.0573	3.2796
7.0573	3.2796
7.0988	3.2796
7.0988	3.2796
7.0988	3.2796
7.1403	3.2796
7.1403	3.2796
7.1403	3.2796
7.1403	3.2796
7.1818	3.2796
7.1818	3.2796
7.1818	3.2796
7.2233	3.2796
7.2233	3.2796
7.2233	3.2796
7.2648	3.2796
7.2648	3.2796
7.2648	3.2796
7.3063	3.2796
7.3063	3.2796
7.3063	3.2796
7.3063	3.2796
7.3479	3.2380
7.3479	3.2380
7.3479	3.2380
7.3894	3.2380
7.3894	3.2380
7.3894	3.2380
7.4309	3.2380
7.4309	3.2380
7.4309	3.2380
7.4724	3.2380
7.4724	3.2380
7.4724	3.2380
7.4724	3.2380
7.5139	3.2380
7.5139	3.2380
7.5139	3.2380
7.5554	3.2380
7.5554	3.2380
7.5554	3.2380
7.5969	3.2380
7.5969	3.2380
7.5969	3.2380
7.6384	3.2380
7.6384	3.2380
7.6384	3.2380
7.6384	3.2380
7.6800	3.2380
7.6800	3.2380
7.6800	3.2380
7.7215	3.1965
7.7215	3.1965
7.7215	3.1965
7.7630	3.1965
7.7630	3.1965
7.7630	3.1965
7.8045	3.1965
7.8045	3.1965
7.8045	3.1965
7.8460	3.1965
7.8460	3.1965
7.8460	3.1965
7.8875	3.1965
7.8875	3.1965
7.8875	3.1965
7.9290	3.1965
7.9290	3.1965
7.9290	3.1965
7.9290	3.1965
7.9706	3.1965
7.9706	3.1965
7.9706	3.1965
8.0121	3.1965
8.0121	3.1965
8.0121	3.1965
8.0536	3.1965
8.0536	3.1965
8.0536	3.1965
8.0951	3.1965
8.0951	3.1965
8.0951	3.1965
8.1366	3.1965
8.1366	3.1965
8.1366	3.1965
8.1781	3.1965
8.1781	3.1965
8.1781	3.1550
8.2196	3.1550
8.2196	3.1550
8.2196	3.1550
8.2611	3.1550
8.2611	3.1550
8.2611	3.1550
8.3027	3.1550
8.3027	3.1550
8.3027	3.1550
8.3027	3.1550
8.3442	3.1550
8.3442	3.1550
8.3442	3.1550
8.3857	3.1550
8.3857	3.1550
8.3857	3.1550
8.4272	3.1550
8.4272	3.1550
8.4272	3.1550
8.4687	3.1550
8.4687	3.1550
8.4687	3.1550
8.5102	3.1550
8.5102	3.1550
8.5102	3.1550
8.5517	3.1550
8.5517	3.1550
8.5517	3.1550
8.5933	3.1550
8.5933	3.1550
8.5933	3.1550
8.6348	3.1550
8.6348	3.1550
8.6348	3.1550
8.6763	3.1550
8.6763	3.1550
8.6763	3.1550
8.7178	3.1550
8.7178	3.1550
8.7178	3.1550
8.7593	3.1550
8.7593	3.1550
8.7593	3.1550
8.8008	3.1550
8.8008	3.1550
8.8008	3.1550
8.8423	3.1550
8.8423	3.1135
8.8423	3.1135
8.8838	3.1135
8.8838	3.1135
8.8838	3.1135
8.9254	3.1135
8.9254	3.1135
8.9254	3.1135
8.9669	3.1135
8.9669	3.1135
8.9669	3.1135
9.0084	3.1135
9.0084	3.1135
9.0084	3.1135
9.0499	3.1135
9.0499	3.1135
9.0499	3.1135
9.0914	3.1135
9.0914	3.1135
9.0914	3.1135
9.1329	3.1135
9.1329	3.1135
9.1329	3.1135
9.1744	3.1135
9.1744	3.1135
9.1744	3.1135
9.2160	3.1135
9.2160	3.1135
9.2160	3.1135
9.2575	3.1135
9.2575	3.1135
9.2575	3.1135
9.2990	3.1135
9.2990	3.1135
9.2990	3.1135
9.3405	3.1135
9.3405	3.1135
9.3820	3.1135
9.3820	3.1135
9.3820	3.1135
9.4235	3.1135
9.4235	3.1135
9.4235	3.1135
9.4650	3.1135
9.4650	3.1135
9.4650	3.1135
9.5065	3.1135
9.5065	3.1135
9.5065	3.1135
9.5481	3.1135
9.5481	3.1135
9.5481	3.1135
9.5896	3.1135
9.5896	3.1135
9.5896	3.1135
9.6311	3.1135
9.6311	3.1135
9.6311	3.1135
9.6726	3.1135
9.6726	3.1135
9.6726	3.1135
9.7141	3.1135
9.7141	3.1135
9.7141	3.1135
9.7556	3.1135
9.7556	3.1135
9.7556	3.1135
9.7971	3.1135
9.7971	3.1135
9.7971	3.1135
9.8387	3.1135
9.8387	3.1135
9.8387	3.1135
9.8802	3.1135
9.8802	3.1135
9.9217	3.1135
9.9217	3.1135
9.9217	3.1135
9.9632	3.1135
9.9632	3.1135
9.9632	3.1135
10.0047	3.1135
10.0047	3.1135
10.0047	3.1135
10.0462	3.1135
10.0462	3.1135
10.0462	3.1135
10.0877	3.1135
10.0877	3.1135
10.0877	3.1135
10.1292	3.1135
10.1292	3.1135
10.1292	3.1135
10.1708	3.1135
10.1708	3.1135
10.1708	3.1135
10.2123	3.1135
10.2123	3.1135
10.2123	3.1135
10.2538	3.1135
10.2538	3.1135
10.2538	3.1135
10.2953	3.1135
10.2953	3.1135
10.3368	3.1135
10.3368	3.1135
10.3368	3.1135
10.3783	3.1135
10.3783	3.1135
10.3783	3.1135
10.4198	3.1135
10.4198	3.1135
10.4198	3.1135
10.4613	3.1135
10.4613	3.1135
10.4613	3.1135
10.5029	3.1135
10.5029	3.1135
10.5029	3.1135
10.5444	3.1135
10.5444	3.1135
10.5444	3.1135
10.5859	3.1135
10.5859	3.1135
10.5859	3.1135
10.6274	3.1135
10.6274	3.1135
10.6689	3.1135
10.6689	3.1135
10.6689	3.1135
10.7104	3.1135
10.7104	3.1135
10.7104	3.1135
10.7519	3.1135
10.7519	3.1135
10.7519	3.1135
10.7935	3.1135
10.7935	3.1135
10.7935	3.1135
10.8350	3.1135
10.8350	3.1135
10.8350	3.1135
10.8765	3.1135
10.8765	3.1135
10.8765	3.1135
10.9180	3.1135
10.9180	3.1135
10.9595	3.1135
10.9595	3.1135
10.9595	3.1135
11.0010	3.1135
11.0010	3.1135
11.0010	3.1135
11.0425	3.1135
11.0425	3.1135
11.0425	3.1135
11.0840	3.1135
11.0840	3.1135
11.0840	3.1135
11.1256	3.1135
11.1256	3.1135
11.1256	3.1135
11.1671	3.1135
11.1671	3.1135
11.1671	3.1135
11.2086	3.1135
11.2086	3.1135
11.2086	3.1135
11.2501	3.1135
11.2501	3.1135
11.2916	3.1135
11.2916	3.1550
11.2916	3.1550
11.3331	3.1550
11.3331	3.1550
11.3331	3.1550
11.3746	3.1550
11.3746	3.1550
11.3746	3.1550
11.4162	3.1550
11.4162	3.1550
11.4162	3.1550
11.4577	3.1550
11.4577	3.1550
11.4577	3.1550
11.4992	3.1550
11.4992	3.1550
11.4992	3.1550
11.5407	3.1550
11.5407	3.1550
11.5822	3.1550
11.5822	3.1550
11.5822	3.1550
11.6237	3.1550
11.6237	3.1550
11.6237	3.1550
11.6652	3.1550
11.6652	3.1550
11.6652	3.1550
11.7067	3.1550
11.7067	3.1550
11.7067	3.1550
11.7483	3.1550
11.7483	3.1550
11.7483	3.1550
11.7898	3.1550
11.7898	3.1550
11.7898	3.1550
11.8313	3.1550
11.8313	3.1550
11.8313	3.1550
11.8728	3.1550
11.8728	3.1550
11.9143	3.1550
11.9143	3.1550
11.9143	3.1550
11.9558	3.1550
11.9558	3.1550
11.9558	3.1550
11.9973	3.1965
11.9973	3.1965
11.9973	3.1965
12.0389	3.1965
12.0389	3.1965
12.0389	3.1965
12.0804	3.1965
12.0804	3.1965
12.0804	3.1965
12.1219	3.1965
12.1219	3.1965
12.1219	3.1965
12.1634	3.1965
12.1634	3.1965
12.1634	3.1965
12.2049	3.1965
12.2049	3.1965
12.2049	3.1965
12.2464	3.1965
12.2464	3.1965
12.2879	3.1965
12.2879	3.1965
12.2879	3.1965
12.3294	3.1965
12.3294	3.1965
12.3294	3.1965
12.3710	3.1965
12.3710	3.1965
12.3710	3.1965
12.4125	3.1965
12.4125	3.1965
12.4125	3.1965
12.4540	3.1965
12.4540	3.1965
12.4540	3.1965
12.4955	3.2380
12.4955	3.2380
12.4955	3.2380
12.5370	3.2380
12.5370	3.2380
12.5370	3.2380
12.5785	3.2380
12.5785	3.2380
12.5785	3.2380
12.6200	3.2380
12.6200	3.2380
12.6200	3.2380
12.6616	3.2380
12.6616	3.2380
12.6616	3.2380
12.7031	3.2380
12.7031	3.2380
12.7446	3.2380
12.7446	3.2380
12.7446	3.2380
12.7861	3.2380
12.7861	3.2380
12.7861	3.2380
12.8276	3.2380
12.8276	3.2796
12.8276	3.2796
12.8691	3.2796
12.8691	3.2796
12.8691	3.2796
12.9106	3.2796
12.9106	3.2796
12.9106	3.2796
12.9521	3.2796
12.9521	3.2796
12.9521	3.2796
12.9937	3.2796
12.9937	3.2796
12.9937	3.2796
13.0352	3.2796
13.0352	3.2796
13.0352	3.2796
13.0767	3.2796
13.0767	3.2796
13.0767	3.3211
13.1182	3.3211
13.1182	3.3211
13.1182	3.3211
13.1597	3.3211
13.1597	3.3211
13.1597	3.3211
13.1597	3.3211
13.2012	3.3211
13.2012	3.3211
13.2012	3.3211
13.2427	3.3211
13.2427	3.3211
13.2427	3.3211
13.2843	3.3211
13.2843	3.3626
13.2843	3.3626
13.3258	3.3626
13.3258	3.3626
13.3258	3.3626
13.3673	3.3626
13.3673	3.3626
13.3673	3.3626
13.4088	3.3626
13.4088	3.3626
13.4088	3.3626
13.4503	3.3626
13.4503	3.3626
13.4503	3.3626
13.4918	3.4041
13.4918	3.4041
13.4918	3.4041
13.5333	3.4041
13.5333	3.4041
13.5333	3.4041
13.5748	3.4041
13.5748	3.4041
13.5748	3.4041
13.6164	3.4041
13.6164	3.4041
13.6164	3.4041
13.6164	3.4041
13.6579	3.4456
13.6579	3.4456
13.6579	3.4456
13.6994	3.4456
13.6994	3.4456
13.6994	3.4456
13.7409	3.4456
13.7409	3.4456
13.7409	3.4456
13.7824	3.4456
13.7824	3.4456
13.7824	3.4456
13.8239	3.4871
13.8239	3.4871
13.8239	3.4871
13.8239	3.4871
13.8654	3.4871
13.8654	3.4871
13.8654	3.4871
13.9070	3.4871
13.9070	3.4871
13.9070	3.4871
13.9485	3.5286
13.9485	3.5286
13.9485	3.5286
13.9900	3.5286
13.9900	3.5286
13.9900	3.5286
13.9900	3.5286
14.0315	3.5286
14.0315	3.5286
14.0315	3.5286
14.0730	3.5286
14.0730	3.5701
14.0730	3.5701
14.1145	3.5701
14.1145	3.5701
14.1145	3.5701
14.1560	3.5701
14.1560	3.5701
14.1560	3.5701
14.1560	3.5701
14.1975	3.6117
14.1975	3.6117
14.1975	3.6117
14.2391	3.6117
14.2391	3.6117
14.2391	3.6117
14.2391	3.6117
14.2806	3.6117
14.2806	3.6117
14.2806	3.6532
14.3221	3.6532
14.3221	3.6532
14.3221	3.6532
14.3636	3.6532
14.3636	3.6532
14.3636	3.6532
14.3636	3.6532
14.4051	3.6532
14.4051	3.6947
14.4051	3.6947
14.4466	3.6947
14.4466	3.6947
14.4466	3.6947
14.4466	3.6947
14.4881	3.6947
14.4881	3.6947
14.4881	3.6947
14.5297	3.7362
14.5297	3.7362
14.5297	3.7362
14.5712	3.7362
14.5712	3.7362
14.5712	3.7362
14.5712	3.7362
14.6127	3.7362
14.6127	3.7777
14.6127	3.7777
14.6542	3.7777
14.6542	3.7777
14.6542	3.7777
14.6542	3.7777
14.6957	3.7777
14.6957	3.7777
14.6957	3.8192
14.6957	3.8192
14.7372	3.8192
14.7372	3.8192
14.7372	3.8192
14.7787	3.8192
14.7787	3.8192
14.7787	3.8607
14.7787	3.8607
14.8202	3.8607
14.8202	3.8607
14.8202	3.8607
14.8618	3.8607
14.8618	3.8607
14.8618	3.8607
14.8618	3.9022
14.9033	3.9022
14.9033	3.9022
14.9033	3.9022
14.9033	3.9022
14.9448	3.9022
14.9448	3.9022
14.9448	3.9438
14.9863	3.9438
14.9863	3.9438
14.9863	3.9438
14.9863	3.9438
15.0278	3.9438
15.0278	3.9438
15.0278	3.9853
15.0278	3.9853
15.0693	3.9853
15.0693	3.9853
15.0693	3.9853
15.1108	3.9853
15.1108	3.9853
15.1108	4.0268
15.1108	4.0268
15.1524	4.0268
15.1524	4.0268
15.1524	4.0268
15.1524	4.0268
15.1939	4.0268
15.1939	4.0683
15.1939	4.0683
15.1939	4.0683
15.2354	4.0683
15.2354	4.0683
15.2354	4.0683
15.2354	4.1098
15.2769	4.1098
15.2769	4.1098
15.2769	4.1098
15.2769	4.1098
15.3184	4.1098
15.3184	4.1098
15.3184	4.1513
15.3184	4.1513
15.3599	4.1513
15.3599	4.1513
15.3599	4.1513
15.4014	4.1513
15.4014	4.1928
15.4014	4.1928
15.4014	4.1928
15.4429	4.1928
15.4429	4.1928
15.4429	4.1928
15.4429	4.2344
15.4845	4.2344
15.4845	4.2344
15.4845	4.2344
15.4845	4.2344
15.5260	4.2344
15.5260	4.2759
15.5260	4.2759
15.5260	4.2759
15.5260	4.2759
15.5675	4.2759
15.5675	4.2759
15.5675	4.3174
15.5675	4.3174
15.6090	4.3174
15.6090	4.3174
15.6090	4.3174
15.6090	4.3174
15.6505	4.3589
15.6505	4.3589
15.6505	4.3589
15.6505	4.3589
15.6920	4.3589
15.6920	4.3589
15.6920	4.4004
15.6920	4.4004
15.7335	4.4004
15.7335	4.4004
15.7335	4.4004
15.7335	4.4419
15.7751	4.4419
15.7751	4.4419
15.7751	4.4419
15.7751	4.4419
15.7751	4.4419
15.8166	4.4834
15.8166	4.4834
15.8166	4.4834
15.8166	4.4834
15.8581	4.4834
15.8581	4.5249
15.8581	4.5249
15.8581	4.5249
15.8581	4.5249
15.8996	4.5249
15.8996	4.5249
15.8996	4.5665
15.8996	4.5665
15.9411	4.5665
15.9411	4.5665
15.9411	4.5665
15.9411	4.6080
15.9826	4.6080
15.9826	4.6080
15.9826	4.6080
15.9826	4.6080
15.9826	4.6080
16.0241	4.6495
16.0241	4.6495
16.0241	4.6495
16.0241	4.6495
16.0241	4.6495
16.0656	4.6910
16.0656	4.6910
16.0656	4.6910
16.0656	4.6910
16.1072	4.6910
16.1072	4.7325
16.1072	4.7325
16.1072	4.7325
16.1072	4.7325
16.1487	4.7325
16.1487	4.7740
16.1487	4.7740
16.1487	4.7740
16.1487	4.7740
16.1902	4.7740
16.1902	4.8155
16.1902	4.8155
16.1902	4.8155
16.2317	4.8155
16.2317	4.8155
16.2317	4.8571
16.2317	4.8571
16.2317	4.8571
16.2732	4.8571
16.2732	4.8571
16.2732	4.8986
16.2732	4.8986
16.2732	4.8986
16.3147	4.8986
16.3147	4.8986
16.3147	4.9401
16.3147	4.9401
16.3147	4.9401
16.3562	4.9401
16.3562	4.9401
16.3562	4.9816
16.3562	4.9816
16.3562	4.9816
16.3978	4.9816
16.3978	5.0231
16.3978	5.0231
16.3978	5.0231
16.3978	5.0231
16.3978	5.0231
16.4393	5.0646
16.4393	5.0646
16.4393	5.0646
16.4393	5.0646
16.4393	5.0646
16.4808	5.1061
16.4808	5.1061
16.4808	5.1061
16.4808	5.1061
16.4808	5.1476
16.5223	5.1476
16.5223	5.1476
16.5223	5.1476
16.5223	5.1476
16.5223	5.1892
16.5223	5.1892
16.5638	5.1892
16.5638	5.1892
16.5638	5.1892
16.5638	5.2307
16.5638	5.2307
16.6053	5.2307
16.6053	5.2307
16.6053	5.2722
16.6053	5.2722
16.6053	5.2722
16.6053	5.2722
16.6468	5.2722
16.6468	5.3137
16.6468	5.3137
16.6468	5.3137
16.6468	5.3137
16.6883	5.3552
16.6883	5.3552
16.6883	5.3552
16.6883	5.3552
16.6883	5.3967
16.6883	5.3967
16.7299	5.3967
16.7299	5.3967
16.7299	5.3967
16.7299	5.4382
16.7299	5.4382
16.7299	5.4382
16.7714	5.4382
16.7714	5.4798
16.7714	5.4798
16.7714	5.4798
16.7714	5.4798
16.7714	5.5213
16.8129	5.5213
16.8129	5.5213
16.8129	5.5213
16.8129	5.5213
16.8129	5.5628
16.8129	5.5628
16.8129	5.5628
16.8544	5.5628
16.8544	5.6043
16.8544	5.6043
16.8544	5.6043
16.8544	5.6043
16.8544	5.6458
16.8959	5.6458
16.8959	5.6458
16.8959	5.6458
16.8959	5.6873
16.8959	5.6873
16.8959	5.6873
16.8959	5.6873
16.9374	5.7288
16.9374	5.7288
16.9374	5.7288
16.9374	5.7288
16.9374	5.7288
16.9374	5.7703
16.9789	5.7703
16.9789	5.7703
16.9789	5.7703
16.9789	5.8119
16.9789	5.8119
16.9789	5.8119
16.9789	5.8119
17.0204	5.8534
17.0204	5.8534
17.0204	5.8534
17.0204	5.8534
17.0204	5.8949
17.0204	5.8949
17.0204	5.8949
17.0204	5.8949
17.0620	5.9364
17.0620	5.9364
17.0620	5.9364
17.0620	5.9364
17.0620	5.9779
17.0620	5.9779
17.0620	5.9779
17.1035	5.9779
17.1035	6.0194
17.1035	6.0194
17.1035	6.0194
17.1035	6.0194
17.1035	6.0609
17.1035	6.0609
17.1035	6.0609
17.1450	6.0609
17.1450	6.1025
17.1450	6.1025
17.1450	6.1025
17.1450	6.1025
17.1450	6.1440
17.1450	6.1440
17.1450	6.1440
17.1865	6.1440
17.1865	6.1855
17.1865	6.1855
17.1865	6.1855
17.1865	6.1855
17.1865	6.2270
17.1865	6.2270
17.1865	6.2270
17.2280	6.2685
17.2280	6.2685
17.2280	6.2685
17.2280	6.2685
17.2280	6.3100
17.2280	6.3100
17.2280	6.3100
17.2280	6.3100
17.2280	6.3515
17.2695	6.3515
17.2695	6.3515
17.2695	6.3515
17.2695	6.3930
17.2695	6.3930
17.2695	6.3930
17.2695	6.3930
17.2695	6.4346
17.2695	6.4346
17.3110	6.4346
17.3110	6.4761
17.3110	6.4761
17.3110	6.4761
17.3110	6.4761
17.3110	6.5176
17.3110	6.5176
