17.8092	7.5969
17.8507	7.5969
17.8507	7.5969
17.8507	7.6384
17.8507	7.6384
17.8507	7.6384
17.8507	7.6800
17.8507	7.6800
17.8507	7.7215
17.8507	7.7215
17.8507	7.7215
17.8507	7.7630
17.8507	7.7630
17.8507	7.7630
17.8507	7.8045
17.8507	7.8045
17.8507	7.8045
17.8507	7.8460
17.8922	7.8460
17.8922	7.8460
17.8922	7.8875
17.8922	7.8875
17.8922	7.8875
17.8922	7.9290
17.8922	7.9290
17.8922	7.9290
17.8922	7.9706
17.8922	7.9706
17.8922	8.0121
17.8922	8.0121
17.8922	8.0121
17.8922	8.0536
17.8922	8.0536
17.8922	8.0536
17.8922	8.0951
17.8922	8.0951
17.8922	8.0951
17.8922	8.1366
17.8922	8.1366
17.8922	8.1366
17.8922	8.1781
17.8922	8.1781
17.8922	8.1781
17.8922	8.2196
17.8922	8.2196
17.8922	8.2196
17.8922	8.2611
17.8922	8.2611
17.8922	8.3027
17.8922	8.3027
17.8922	8.3027
17.8922	8.3442
17.8922	8.3442
17.8922	8.3442
17.8922	8.3857
17.8922	8.3857
17.8922	8.3857
17.8922	8.4272
17.8922	8.4272
17.8922	8.4272
17.8922	8.4687
17.8922	8.4687
17.8922	8.4687
17.8922	8.5102
17.8922	8.5102
17.8922	8.5102
17.8922	8.5517
17.8922	8.5517
17.8922	8.5933
17.8922	8.5933
17.8922	8.5933
17.8922	8.6348
17.8922	8.6348
17.8922	8.6348
17.8922	8.6763
17.8922	8.6763
17.8922	8.6763
17.8922	8.7178
17.8922	8.7178
17.8922	8.7178
17.8922	8.7593
17.8922	8.7593
17.8922	8.7593
17.8922	8.8008
17.8922	8.8008
17.8922	8.8008
17.8922	8.8423
17.8922	8.8423
17.8922	8.8423
17.8922	8.8838
17.8922	8.8838
17.8922	8.8838
17.8922	8.9254
17.8922	8.9254
17.8922	8.9254
17.8922	8.9669
17.8922	8.9669
17.8922	9.0084
17.8922	9.0084
17.8922	9.0084
17.8507	9.0499
17.8507	9.0499
17.8507	9.0499
17.8507	9.0914
17.8507	9.0914
17.8507	9.0914
17.8507	9.1329
17.8507	9.1329
17.8507	9.1329
17.8507	9.1744
17.8507	9.1744
17.8507	9.1744
17.8507	9.2160
17.8507	9.2160
17.8507	9.2160
17.8507	9.2575
17.8507	9.2575
17.8092	9.2575
17.8092	9.2990
17.8092	9.2990
17.8092	9.2990
17.8092	9.3405
17.8092	9.3405
17.8092	9.3405
17.8092	9.3820
17.8092	9.3820
17.8092	9.3820
17.8092	9.4235
17.8092	9.4235
17.8092	9.4235
17.8092	9.4650
17.7677	9.4650
17.7677	9.4650
17.7677	9.5065
17.7677	9.5065
17.7677	9.5065
17.7677	9.5481
17.7677	9.5481
17.7677	9.5481
17.7677	9.5896
17.7677	9.5896
17.7677	9.5896
17.7262	9.6311
17.7262	9.6311
17.7262	9.6311
17.7262	9.6726
17.7262	9.6726
17.7262	9.7141
17.7262	9.7141
17.7262	9.7141
17.7262	9.7556
17.6847	9.7556
17.6847	9.7556
17.6847	9.7971
17.6847	9.7971
17.6847	9.7971
17.6847	9.8387
17.6847	9.8387
17.6847	9.8387
17.6847	9.8802
17.6431	9.8802
17.6431	9.8802
17.6431	9.9217
17.6431	9.9217
17.6431	9.9217
17.6431	9.9632
17.6431	9.9632
17.6431	9.9632
17.6016	9.9632
17.6016	10.0047
17.6016	10.0047
17.6016	10.0047
17.6016	10.0462
17.6016	10.0462
17.6016	10.0462
17.6016	10.0877
17.5601	10.0877
17.5601	10.0877
17.5601	10.1292
17.5601	10.1292
17.5601	10.1292
17.5601	10.1708
17.5601	10.1708
17.5186	10.1708
17.5186	10.2123
17.5186	10.2123
17.5186	10.2123
17.5186	10.2538
17.5186	10.2538
17.5186	10.2538
17.4771	10.2953
17.4771	10.2953
17.4771	10.2953
17.4771	10.3368
17.4771	10.3368
17.4771	10.3368
17.4356	10.3783
17.4356	10.3783
17.4356	10.3783
17.4356	10.4198
17.4356	10.4198
17.4356	10.4198
17.3941	10.4613
17.3941	10.4613
17.3941	10.4613
17.3941	10.5029
17.3941	10.5029
17.3941	10.5029
17.3526	10.5444
17.3526	10.5444
17.3526	10.5444
17.3526	10.5859
17.3526	10.5859
17.3526	10.5859
17.3110	10.5859
17.3110	10.6274
17.3110	10.6274
17.3110	10.6274
17.3110	10.6689
17.2695	10.6689
17.2695	10.6689
17.2695	10.7104
17.2695	10.7104
17.2695	10.7104
17.2695	10.7519
17.2280	10.7519
17.2280	10.7519
17.2280	10.7935
17.2280	10.7935
17.2280	10.7935
17.1865	10.8350
17.1865	10.8350
17.1865	10.8350
17.1865	10.8765
17.1865	10.8765
17.1450	10.8765
17.1450	10.8765
17.1450	10.9180
17.1450	10.9180
17.1035	10.9180
17.1035	10.9595
17.1035	10.9595
17.1035	10.9595
17.1035	11.0010
17.0620	11.0010
17.0620	11.0010
17.0620	11.0425
17.0620	11.0425
17.0620	11.0425
17.0204	11.0840
17.0204	11.0840
17.0204	11.0840
17.0204	11.0840
16.9789	11.1256
16.9789	11.1256
16.9789	11.1256
16.9789	11.1671
16.9789	11.1671
16.9374	11.1671
16.9374	11.2086
16.9374	11.2086
16.9374	11.2086
16.8959	11.2501
16.8959	11.2501
16.8959	11.2501
16.8959	11.2501
16.8544	11.2916
16.8544	11.2916
16.8544	11.2916
16.8544	11.3331
16.8129	11.3331
16.8129	11.3331
16.8129	11.3746
16.8129	11.3746
16.7714	11.3746
16.7714	11.3746
16.7714	11.4162
16.7714	11.4162
16.7299	11.4162
16.7299	11.4577
16.7299	11.4577
16.7299	11.4577
16.6883	11.4992
16.6883	11.4992
16.6883	11.4992
16.6883	11.4992
16.6468	11.5407
16.6468	11.5407
16.6468	11.5407
16.6468	11.5822
16.6053	11.5822
16.6053	11.5822
16.6053	11.6237
16.6053	11.6237
16.5638	11.6237
16.5638	11.6237
16.5638	11.6652
16.5638	11.6652
16.5223	11.6652
16.5223	11.7067
16.5223	11.7067
16.4808	11.7067
16.4808	11.7067
16.4808	11.7483
16.4808	11.7483
16.4393	11.7483
16.4393	11.7898
16.4393	11.7898
16.3978	11.7898
16.3978	11.8313
16.3978	11.8313
16.3978	11.8313
16.3562	11.8313
16.3562	11.8728
16.3562	11.8728
16.3147	11.8728
16.3147	11.9143
16.3147	11.9143
16.3147	11.9143
16.2732	11.9143
16.2732	11.9558
16.2732	11.9558
16.2317	11.9558
16.2317	11.9973
16.2317	11.9973
16.1902	11.9973
16.1902	11.9973
16.1902	12.0389
16.1902	12.0389
16.1487	12.0389
16.1487	12.0804
16.1487	12.0804
16.1072	12.0804
16.1072	12.0804
16.1072	12.1219
16.0656	12.1219
16.0656	12.1219
16.0656	12.1634
16.0241	12.1634
16.0241	12.1634
16.0241	12.1634
15.9826	12.2049
15.9826	12.2049
15.9826	12.2049
15.9826	12.2049
15.9411	12.2464
15.9411	12.2464
15.9411	12.2464
15.8996	12.2879
15.8996	12.2879
15.8996	12.2879
15.8581	12.2879
15.8581	12.3294
15.8581	12.3294
15.8166	12.3294
15.8166	12.3294
15.8166	12.3710
15.7751	12.3710
15.7751	12.3710
15.7751	12.4125
15.7335	12.4125
15.7335	12.4125
15.7335	12.4125
15.6920	12.4540
15.6920	12.4540
15.6920	12.4540
15.6505	12.4540
15.6505	12.4955
15.6090	12.4955
15.6090	12.4955
15.6090	12.5370
15.5675	12.5370
15.5675	12.5370
15.5675	12.5370
15.5260	12.5785
15.5260	12.5785
15.5260	12.5785
15.4845	12.5785
15.4845	12.6200
15.4845	12.6200
15.4429	12.6200
15.4429	12.6200
15.4429	12.6616
15.4014	12.6616
15.4014	12.6616
15.3599	12.6616
15.3599	12.7031
15.3599	12.7031
15.3184	12.7031
15.3184	12.7446
15.3184	12.7446
15.2769	12.7446
15.2769	12.7446
15.2769	12.7861
15.2354	12.7861
15.2354	12.7861
15.1939	12.7861
15.1939	12.8276
15.1939	12.8276
15.1524	12.8276
15.1524	12.8276
15.1108	12.8691
15.1108	12.8691
15.1108	12.8691
15.0693	12.8691
15.0693	12.9106
15.0693	12.9106
15.0278	12.9106
15.0278	12.9106
14.9863	12.9521
14.9863	12.9521
14.9863	12.9521
14.9448	12.9521
14.9448	12.9937
14.9033	12.9937
14.9033	12.9937
14.9033	12.9937
14.8618	13.0352
14.8618	13.0352
14.8618	13.0352
14.8202	13.0352
14.8202	13.0767
14.7787	13.0767
14.7787	13.0767
14.7787	13.0767
14.7372	13.1182
14.7372	13.1182
14.6957	13.1182
14.6957	13.1182
14.6957	13.1597
14.6542	13.1597
14.6542	13.1597
14.6127	13.1597
14.6127	13.1597
14.5712	13.2012
14.5712	13.2012
14.5712	13.2012
14.5297	13.2012
14.5297	13.2427
14.4881	13.2427
14.4881	13.2427
14.4881	13.2427
14.4466	13.2843
14.4466	13.2843
14.4051	13.2843
14.4051	13.2843
14.3636	13.3258
14.3636	13.3258
14.3636	13.3258
14.3221	13.3258
14.3221	13.3258
14.2806	13.3673
14.2806	13.3673
14.2806	13.3673
14.2391	13.3673
14.2391	13.4088
14.1975	13.4088
14.1975	13.4088
14.1560	13.4088
14.1560	13.4503
14.1145	13.4503
14.1145	13.4503
14.1145	13.4503
14.0730	13.4503
14.0730	13.4918
14.0315	13.4918
14.0315	13.4918
13.9900	13.4918
13.9900	13.5333
13.9900	13.5333
13.9485	13.5333
13.9485	13.5333
13.9070	13.5333
13.9070	13.5748
13.8654	13.5748
13.8654	13.5748
13.8239	13.5748
13.8239	13.6164
13.8239	13.6164
13.7824	13.6164
13.7824	13.6164
13.7409	13.6164
13.7409	13.6579
13.6994	13.6579
13.6994	13.6579
13.6579	13.6579
13.6579	13.6579
13.6164	13.6994
13.6164	13.6994
13.6164	13.6994
13.5748	13.6994
13.5748	13.7409
13.5333	13.7409
13.5333	13.7409
13.4918	13.7409
13.4918	13.7409
13.4503	13.7824
13.4503	13.7824
13.4088	13.7824
13.4088	13.7824
13.3673	13.7824
13.3673	13.8239
13.3258	13.8239
13.3258	13.8239
13.3258	13.8239
13.2843	13.8239
13.2843	13.8654
13.2427	13.8654
13.2427	13.8654
13.2012	13.8654
13.2012	13.8654
13.1597	13.9070
13.1597	13.9070
13.1182	13.9070
13.1182	13.9070
13.0767	13.9070
13.0767	13.9485
13.0352	13.9485
13.0352	13.9485
13.0352	13.9485
12.9937	13.9485
12.9937	13.9900
12.9521	13.9900
12.9521	13.9900
12.9106	13.9900
12.9106	13.9900
12.8691	14.0315
12.8691	14.0315
12.8276	14.0315
12.8276	14.0315
12.7861	14.0315
12.7861	14.0315
12.7861	14.0730
12.7446	14.0730
12.7446	14.0730
12.7031	14.0730
12.7031	14.0730
12.6616	14.1145
12.6616	14.1145
12.6200	14.1145
12.6200	14.1145
12.5785	14.1145
12.5785	14.1560
12.5370	14.1560
12.5370	14.1560
12.4955	14.1560
12.4955	14.1560
12.4955	14.1560
12.4540	14.1975
12.4540	14.1975
12.4125	14.1975
12.4125	14.1975
12.3710	14.1975
12.3710	14.1975
12.3294	14.2391
12.3294	14.2391
12.2879	14.2391
12.2879	14.2391
12.2464	14.2391
12.2464	14.2391
12.2464	14.2806
12.2049	14.2806
12.2049	14.2806
12.1634	14.2806
12.1634	14.2806
12.1219	14.2806
12.1219	14.3221
12.0804	14.3221
12.0804	14.3221
12.0389	14.3221
12.0389	14.3221
12.0389	14.3221
11.9973	14.3636
11.9973	14.3636
11.9558	14.3636
11.9558	14.3636
11.9143	14.3636
11.9143	14.3636
11.8728	14.4051
11.8728	14.4051
11.8313	14.4051
11.8313	14.4051
11.7898	14.4051
11.7898	14.4051
11.7898	14.4466
11.7483	14.4466
11.7483	14.4466
11.7067	14.4466
11.7067	14.4466
11.6652	14.4466
11.6652	14.4466
11.6237	14.4881
11.6237	14.4881
11.5822	14.4881
11.5822	14.4881
11.5822	14.4881
11.5407	14.4881
11.5407	14.4881
11.4992	14.5297
11.4992	14.5297
11.4577	14.5297
11.4577	14.5297
11.4162	14.5297
11.4162	14.5297
11.3746	14.5297
11.3746	14.5712
11.3746	14.5712
11.3331	14.5712
11.3331	14.5712
11.2916	14.5712
11.2916	14.5712
11.2501	14.5712
11.2501	14.6127
11.2086	14.6127
11.2086	14.6127
11.2086	14.6127
11.1671	14.6127
11.1671	14.6127
11.1256	14.6127
11.1256	14.6127
11.0840	14.6542
11.0840	14.6542
11.0425	14.6542
11.0425	14.6542
11.0425	14.6542
11.0010	14.6542
11.0010	14.6542
10.9595	14.6542
10.9595	14.6957
10.9180	14.6957
10.9180	14.6957
10.8765	14.6957
10.8765	14.6957
10.8765	14.6957
10.8350	14.6957
10.8350	14.6957
10.7935	14.7372
10.7935	14.7372
10.7519	14.7372
10.7519	14.7372
10.7104	14.7372
10.7104	14.7372
10.7104	14.7372
10.6689	14.7372
10.6689	14.7372
10.6274	14.7787
10.6274	14.7787
10.5859	14.7787
10.5859	14.7787
10.5444	14.7787
10.5444	14.7787
10.5444	14.7787
10.5029	14.7787
10.5029	14.7787
10.4613	14.8202
10.4613	14.8202
10.4198	14.8202
10.4198	14.8202
10.4198	14.8202
10.3783	14.8202
10.3783	14.8202
10.3368	14.8202
10.3368	14.8202
10.2953	14.8202
10.2953	14.8618
10.2538	14.8618
10.2538	14.8618
10.2538	14.8618
10.2123	14.8618
10.2123	14.8618
10.1708	14.8618
10.1708	14.8618
10.1292	14.8618
10.1292	14.8618
10.1292	14.9033
10.0877	14.9033
10.0877	14.9033
10.0462	14.9033
10.0462	14.9033
10.0047	14.9033
10.0047	14.9033
10.0047	14.9033
9.9632	14.9033
9.9632	14.9033
9.9217	14.9033
9.9217	14.9448
9.8802	14.9448
9.8802	14.9448
9.8802	14.9448
9.8387	14.9448
9.8387	14.9448
9.7971	14.9448
9.7971	14.9448
9.7556	14.9448
9.7556	14.9448
9.7556	14.9448
9.7141	14.9448
9.7141	14.9448
9.6726	14.9863
9.6726	14.9863
9.6726	14.9863
9.6311	14.9863
9.6311	14.9863
9.5896	14.9863
9.5896	14.9863
9.5481	14.9863
9.5481	14.9863
9.5481	14.9863
9.5065	14.9863
9.5065	14.9863
9.4650	14.9863
9.4650	14.9863
9.4650	15.0278
9.4235	15.0278
9.4235	15.0278
9.3820	15.0278
9.3820	15.0278
9.3405	15.0278
9.3405	15.0278
9.3405	15.0278
9.2990	15.0278
9.2990	15.0278
9.2575	15.0278
9.2575	15.0278
9.2575	15.0278
9.2160	15.0278
9.2160	15.0278
9.1744	15.0278
9.1744	15.0278
9.1329	15.0693
9.1329	15.0693
9.1329	15.0693
9.0914	15.0693
9.0914	15.0693
9.0499	15.0693
9.0499	15.0693
9.0499	15.0693
9.0084	15.0693
9.0084	15.0693
8.9669	15.0693
8.9669	15.0693
8.9669	15.0693
8.9254	15.0693
8.9254	15.0693
8.8838	15.0693
8.8838	15.0693
8.8838	15.0693
8.8423	15.0693
8.8423	15.0693
8.8008	15.0693
8.8008	15.0693
8.8008	15.1108
8.7593	15.1108
8.7593	15.1108
8.7178	15.1108
8.7178	15.1108
8.7178	15.1108
8.6763	15.1108
8.6763	15.1108
8.6348	15.1108
8.6348	15.1108
8.6348	15.1108
8.5933	15.1108
8.5933	15.1108
8.5517	15.1108
8.5517	15.1108
8.5517	15.1108
8.5102	15.1108
8.5102	15.1108
8.4687	15.1108
8.4687	15.1108
8.4687	15.1108
8.4272	15.1108
8.4272	15.1108
8.4272	15.1108
8.3857	15.1108
8.3857	15.1108
8.3442	15.1108
8.3442	15.1108
8.3442	15.1108
8.3027	15.1108
8.3027	15.1108
8.2611	15.1108
8.2611	15.1108
8.2611	15.1108
8.2196	15.1108
8.2196	15.1108
8.1781	15.1108
8.1781	15.1108
8.1781	15.1108
8.1366	15.1108
8.1366	15.1108
8.1366	15.1108
8.0951	15.1108
8.0951	15.1108
8.0536	15.1524
8.0536	15.1524
8.0536	15.1524
8.0121	15.1524
8.0121	15.1524
8.0121	15.1524
7.9706	15.1524
7.9706	15.1524
7.9290	15.1524
7.9290	15.1524
7.9290	15.1524
7.8875	15.1524
7.8875	15.1524
7.8875	15.1524
7.8460	15.1524
7.8460	15.1524
7.8045	15.1524
7.8045	15.1524
7.8045	15.1524
7.7630	15.1108
7.7630	15.1108
7.7630	15.1108
7.7215	15.1108
7.7215	15.1108
7.6800	15.1108
7.6800	15.1108
7.6800	15.1108
7.6384	15.1108
7.6384	15.1108
7.6384	15.1108
7.5969	15.1108
7.5969	15.1108
7.5969	15.1108
7.5554	15.1108
7.5554	15.1108
7.5139	15.1108
7.5139	15.1108
7.5139	15.1108
7.4724	15.1108
7.4724	15.1108
7.4724	15.1108
7.4309	15.1108
7.4309	15.1108
7.4309	15.1108
7.3894	15.1108
7.3894	15.1108
7.3894	15.1108
7.3479	15.1108
7.3479	15.1108
7.3063	15.1108
7.3063	15.1108
7.3063	15.1108
7.2648	15.1108
7.2648	15.1108
7.2648	15.1108
7.2233	15.1108
7.2233	15.1108
7.2233	15.1108
7.1818	15.1108
7.1818	15.1108
7.1818	15.1108
7.1403	15.1108
7.1403	15.1108
7.1403	15.0693
7.0988	15.0693
7.0988	15.0693
7.0988	15.0693
7.0573	15.0693
7.0573	15.0693
7.0573	15.0693
7.0157	15.0693
7.0157	15.0693
7.0157	15.0693
6.9742	15.0693
6.9742	15.0693
6.9742	15.0693
6.9327	15.0693
6.9327	15.0693
6.8912	15.0693
6.8912	15.0693
6.8912	15.0693
6.8497	15.0693
6.8497	15.0693
6.8497	15.0693
6.8082	15.0693
6.8082	15.0278
6.8082	15.0278
6.7667	15.0278
6.7667	15.0278
6.7667	15.0278
6.7667	15.0278
6.7252	15.0278
6.7252	15.0278
6.7252	15.0278
6.6836	15.0278
6.6836	15.0278
6.6836	15.0278
6.6421	15.0278
6.6421	15.0278
6.6421	15.0278
6.6006	15.0278
6.6006	15.0278
6.6006	14.9863
6.5591	14.9863
6.5591	14.9863
6.5591	14.9863
6.5176	14.9863
6.5176	14.9863
6.5176	14.9863
6.4761	14.9863
6.4761	14.9863
6.4761	14.9863
6.4346	14.9863
6.4346	14.9863
6.4346	14.9863
6.3930	14.9863
6.3930	14.9448
6.3930	14.9448
6.3930	14.9448
6.3515	14.9448
6.3515	14.9448
6.3515	14.9448
6.3100	14.9448
6.3100	14.9448
6.3100	14.9448
6.2685	14.9448
6.2685	14.9448
6.2685	14.9448
6.2270	14.9033
6.2270	14.9033
6.2270	14.9033
6.2270	14.9033
6.1855	14.9033
6.1855	14.9033
6.1855	14.9033
6.1440	14.9033
6.1440	14.9033
6.1440	14.9033
6.1025	14.9033
6.1025	14.9033
6.1025	14.8618
6.1025	14.8618
6.0609	14.8618
6.0609	14.8618
6.0609	14.8618
6.0194	14.8618
6.0194	14.8618
6.0194	14.8618
5.9779	14.8618
5.9779	14.8618
5.9779	14.8202
5.9779	14.8202
5.9364	14.8202
5.9364	14.8202
5.9364	14.8202
5.8949	14.8202
5.8949	14.8202
5.8949	14.8202
5.8949	14.8202
5.8534	14.8202
5.8534	14.7787
5.8534	14.7787
5.8119	14.7787
5.8119	14.7787
5.8119	14.7787
5.8119	14.7787
5.7703	14.7787
5.7703	14.7787
5.7703	14.7787
5.7288	14.7372
5.7288	14.7372
5.7288	14.7372
5.7288	14.7372
5.6873	14.7372
5.6873	14.7372
5.6873	14.7372
5.6873	14.7372
5.6458	14.7372
5.6458	14.6957
5.6458	14.6957
5.6043	14.6957
5.6043	14.6957
5.6043	14.6957
5.6043	14.6957
5.5628	14.6957
5.5628	14.6957
5.5628	14.6542
5.5628	14.6542
5.5213	14.6542
5.5213	14.6542
5.5213	14.6542
5.5213	14.6542
5.4798	14.6542
5.4798	14.6542
5.4798	14.6127
5.4382	14.6127
5.4382	14.6127
5.4382	14.6127
5.4382	14.6127
5.3967	14.6127
5.3967	14.6127
5.3967	14.6127
5.3967	14.5712
5.3552	14.5712
5.3552	14.5712
5.3552	14.5712
5.3552	14.5712
5.3137	14.5712
5.3137	14.5712
5.3137	14.5297
5.3137	14.5297
5.2722	14.5297
5.2722	14.5297
5.2722	14.5297
5.2722	14.5297
5.2307	14.5297
5.2307	14.4881
5.2307	14.4881
5.2307	14.4881
5.1892	14.4881
5.1892	14.4881
5.1892	14.4881
5.1892	14.4881
5.1476	14.4466
5.1476	14.4466
5.1476	14.4466
5.1476	14.4466
5.1061	14.4466
5.1061	14.4466
5.1061	14.4466
5.1061	14.4051
5.0646	14.4051
5.0646	14.4051
5.0646	14.4051
5.0646	14.4051
5.0231	14.4051
5.0231	14.4051
5.0231	14.3636
5.0231	14.3636
4.9816	14.3636
4.9816	14.3636
4.9816	14.3636
4.9816	14.3636
4.9401	14.3636
4.9401	14.3221
4.9401	14.3221
4.9401	14.3221
4.9401	14.3221
4.8986	14.3221
4.8986	14.3221
4.8986	14.2806
4.8986	14.2806
4.8571	14.2806
4.8571	14.2806
4.8571	14.2806
4.8571	14.2806
4.8155	14.2806
4.8155	14.2391
4.8155	14.2391
4.8155	14.2391
4.7740	14.2391
4.7740	14.2391
4.7740	14.2391
4.7740	14.1975
4.7325	14.1975
4.7325	14.1975
4.7325	14.1975
4.7325	14.1975
4.6910	14.1975
4.6910	14.1560
4.6910	14.1560
4.6910	14.1560
4.6910	14.1560
4.6495	14.1560
4.6495	14.1560
4.6495	14.1560
4.6495	14.1145
4.6080	14.1145
4.6080	14.1145
4.6080	14.1145
4.6080	14.1145
4.5665	14.1145
4.5665	14.0730
4.5665	14.0730
4.5665	14.0730
4.5665	14.0730
4.5249	14.0730
4.5249	14.0730
4.5249	14.0315
4.5249	14.0315
4.4834	14.0315
4.4834	14.0315
4.4834	14.0315
4.4834	14.0315
4.4419	13.9900
4.4419	13.9900
4.4419	13.9900
4.4419	13.9900
4.4419	13.9900
4.4004	13.9900
4.4004	13.9485
4.4004	13.9485
4.4004	13.9485
4.3589	13.9485
4.3589	13.9485
4.3589	13.9485
4.3589	13.9070
4.3589	13.9070
4.3174	13.9070
4.3174	13.9070
4.3174	13.9070
4.3174	13.9070
4.2759	13.8654
4.2759	13.8654
4.2759	13.8654
4.2759	13.8654
4.2759	13.8654
4.2344	13.8654
4.2344	13.8239
4.2344	13.8239
4.2344	13.8239
4.1928	13.8239
4.1928	13.8239
4.1928	13.7824
4.1928	13.7824
4.1928	13.7824
4.1513	13.7824
4.1513	13.7824
4.1513	13.7824
4.1513	13.7409
4.1098	13.7409
4.1098	13.7409
4.1098	13.7409
4.1098	13.7409
4.1098	13.7409
4.0683	13.6994
4.0683	13.6994
4.0683	13.6994
4.0683	13.6994
4.0683	13.6994
4.0268	13.6579
4.0268	13.6579
4.0268	13.6579
4.0268	13.6579
4.0268	13.6579
3.9853	13.6579
3.9853	13.6164
3.9853	13.6164
3.9853	13.6164
3.9438	13.6164
3.9438	13.6164
3.9438	13.5748
3.9438	13.5748
3.9438	13.5748
3.9022	13.5748
3.9022	13.5748
3.9022	13.5748
3.9022	13.5333
3.9022	13.5333
3.8607	13.5333
3.8607	13.5333
3.8607	13.5333
3.8607	13.4918
3.8607	13.4918
3.8192	13.4918
3.8192	13.4918
3.8192	13.4918
3.8192	13.4918
3.8192	13.4503
3.7777	13.4503
3.7777	13.4503
3.7777	13.4503
3.7777	13.4503
3.7777	13.4088
3.7362	13.4088
3.7362	13.4088
3.7362	13.4088
3.7362	13.4088
3.7362	13.3673
3.6947	13.3673
3.6947	13.3673
3.6947	13.3673
3.6947	13.3673
3.6947	13.3258
3.6532	13.3258
3.6532	13.3258
3.6532	13.3258
3.6532	13.3258
3.6532	13.3258
3.6117	13.2843
3.6117	13.2843
3.6117	13.2843
3.6117	13.2843
3.6117	13.2843
3.5701	13.2427
3.5701	13.2427
3.5701	13.2427
3.5701	13.2427
3.5701	13.2427
3.5286	13.2012
3.5286	13.2012
3.5286	13.2012
3.5286	13.2012
3.5286	13.2012
3.5286	13.1597
3.4871	13.1597
3.4871	13.1597
3.4871	13.1597
3.4871	13.1597
3.4871	13.1182
3.4456	13.1182
3.4456	13.1182
3.4456	13.1182
3.4456	13.1182
3.4456	13.0767
3.4041	13.0767
3.4041	13.0767
3.4041	13.0767
3.4041	13.0767
3.4041	13.0352
3.4041	13.0352
3.3626	13.0352
3.3626	13.0352
3.3626	13.0352
3.3626	12.9937
3.3626	12.9937
3.3211	12.9937
3.3211	12.9937
3.3211	12.9937
3.3211	12.9521
3.3211	12.9521
3.3211	12.9521
3.2796	12.9521
3.2796	12.9521
3.2796	12.9106
3.2796	12.9106
3.2796	12.9106
3.2796	12.9106
3.2380	12.9106
3.2380	12.8691
3.2380	12.8691
3.2380	12.8691
3.2380	12.8691
3.2380	12.8691
3.1965	12.8276
3.1965	12.8276
3.1965	12.8276
3.1965	12.8276
3.1965	12.8276
3.1550	12.7861
3.1550	12.7861
3.1550	12.7861
3.1550	12.7861
3.1550	12.7861
3.1550	12.7446
3.1135	12.7446
3.1135	12.7446
3.1135	12.7446
3.1135	12.7031
3.1135	12.7031
3.1135	12.7031
3.0720	12.7031
3.0720	12.7031
3.0720	12.6616
3.0720	12.6616
3.0720	12.6616
3.0720	12.6616
3.0305	12.6616
3.0305	12.6200
3.0305	12.6200
3.0305	12.6200
3.0305	12.6200
3.0305	12.6200
3.0305	12.5785
2.9890	12.5785
2.9890	12.5785
2.9890	12.5785
2.9890	12.5370
2.9890	12.5370
2.9890	12.5370
2.9474	12.5370
2.9474	12.5370
2.9474	12.4955
2.9474	12.4955
2.9474	12.4955
2.9474	12.4955
2.9059	12.4955
2.9059	12.4540
2.9059	12.4540
2.9059	12.4540
2.9059	12.4540
2.9059	12.4125
2.9059	12.4125
2.8644	12.4125
2.8644	12.4125
2.8644	12.4125
2.8644	12.3710
2.8644	12.3710
2.8644	12.3710
2.8644	12.3710
2.8229	12.3710
2.8229	12.3294
2.8229	12.3294
2.8229	12.3294
2.8229	12.3294
2.8229	12.2879
2.8229	12.2879
2.7814	12.2879
2.7814	12.2879
2.7814	12.2879
2.7814	12.2464
2.7814	12.2464
2.7814	12.2464
2.7814	12.2464
2.7399	12.2049
2.7399	12.2049
2.7399	12.2049
2.7399	12.2049
2.7399	12.2049
2.7399	12.1634
2.7399	12.1634
2.6984	12.1634
2.6984	12.1634
2.6984	12.1219
2.6984	12.1219
2.6984	12.1219
2.6984	12.1219
2.6984	12.1219
2.6569	12.0804
2.6569	12.0804
2.6569	12.0804
2.6569	12.0804
2.6569	12.0804
2.6569	12.0389
2.6569	12.0389
2.6153	12.0389
2.6153	12.0389
2.6153	11.9973
2.6153	11.9973
2.6153	11.9973
2.6153	11.9973
2.6153	11.9973
2.6153	11.9558
2.5738	11.9558
2.5738	11.9558
2.5738	11.9558
2.5738	11.9143
2.5738	11.9143
2.5738	11.9143
2.5738	11.9143
2.5738	11.8728
2.5323	11.8728
2.5323	11.8728
2.5323	11.8728
2.5323	11.8728
2.5323	11.8313
2.5323	11.8313
2.5323	11.8313
2.5323	11.8313
2.4908	11.7898
2.4908	11.7898
2.4908	11.7898
2.4908	11.7898
2.4908	11.7898
2.4908	11.7483
2.4908	11.7483
2.4908	11.7483
2.4908	11.7483
2.4493	11.7067
2.4493	11.7067
2.4493	11.7067
2.4493	11.7067
2.4493	11.7067
2.4493	11.6652
2.4493	11.6652
2.4493	11.6652
2.4078	11.6652
2.4078	11.6237
2.4078	11.6237
2.4078	11.6237
2.4078	11.6237
2.4078	11.5822
2.4078	11.5822
2.4078	11.5822
2.4078	11.5822
2.3663	11.5822
2.3663	11.5407
2.3663	11.5407
2.3663	11.5407
2.3663	11.5407
2.3663	11.4992
2.3663	11.4992
2.3663	11.4992
2.3663	11.4992
2.3663	11.4577
2.3247	11.4577
2.3247	11.4577
2.3247	11.4577
2.3247	11.4577
2.3247	11.4162
2.3247	11.4162
2.3247	11.4162
2.3247	11.4162
2.3247	11.3746
2.3247	11.3746
2.2832	11.3746
2.2832	11.3746
2.2832	11.3331
2.2832	11.3331
2.2832	11.3331
2.2832	11.3331
2.2832	11.3331
2.2832	11.2916
2.2832	11.2916
2.2832	11.2916
2.2417	11.2916
2.2417	11.2501
2.2417	11.2501
2.2417	11.2501
2.2417	11.2501
2.2417	11.2086
2.2417	11.2086
2.2417	11.2086
2.2417	11.2086
2.2417	11.2086
2.2417	11.1671
2.2002	11.1671
2.2002	11.1671
2.2002	11.1671
2.2002	11.1256
2.2002	11.1256
2.2002	11.1256
2.2002	11.1256
2.2002	11.0840
2.2002	11.0840
2.2002	11.0840
2.2002	11.0840
2.2002	11.0425
2.1587	11.0425
2.1587	11.0425
2.1587	11.0425
2.1587	11.0425
2.1587	11.0010
2.1587	11.0010
2.1587	11.0010
2.1587	11.0010
2.1587	10.9595
2.1587	10.9595
2.1587	10.9595
2.1587	10.9595
2.1587	10.9180
2.1172	10.9180
2.1172	10.9180
2.1172	10.9180
2.1172	10.8765
2.1172	10.8765
2.1172	10.8765
2.1172	10.8765
2.1172	10.8765
2.1172	10.8350
2.1172	10.8350
2.1172	10.8350
2.1172	10.8350
2.1172	10.7935
2.0757	10.7935
2.0757	10.7935
2.0757	10.7935
2.0757	10.7519
2.0757	10.7519
2.0757	10.7519
2.0757	10.7519
2.0757	10.7104
2.0757	10.7104
2.0757	10.7104
2.0757	10.7104
2.0757	10.7104
2.0757	10.6689
2.0757	10.6689
2.0757	10.6689
2.0757	10.6689
2.0342	10.6274
2.0342	10.6274
2.0342	10.6274
2.0342	10.6274
2.0342	10.5859
2.0342	10.5859
2.0342	10.5859
2.0342	10.5859
2.0342	10.5444
2.0342	10.5444
2.0342	10.5444
2.0342	10.5444
2.0342	10.5029
2.0342	10.5029
2.0342	10.5029
2.0342	10.5029
2.0342	10.5029
1.9926	10.4613
1.9926	10.4613
1.9926	10.4613
1.9926	10.4613
1.9926	10.4198
1.9926	10.4198
1.9926	10.4198
1.9926	10.4198
1.9926	10.3783
1.9926	10.3783
1.9926	10.3783
1.9926	10.3783
1.9926	10.3368
1.9926	10.3368
1.9926	10.3368
1.9926	10.3368
1.9926	10.3368
1.9926	10.2953
1.9926	10.2953
1.9926	10.2953
1.9926	10.2953
1.9926	10.2538
1.9511	10.2538
1.9511	10.2538
1.9511	10.2538
1.9511	10.2123
1.9511	10.2123
1.9511	10.2123
1.9511	10.2123
1.9511	10.1708
1.9511	10.1708
1.9511	10.1708
1.9511	10.1708
1.9511	10.1292
1.9511	10.1292
1.9511	10.1292
1.9511	10.1292
1.9511	10.0877
1.9511	10.0877
1.9511	10.0877
1.9511	10.0877
1.9511	10.0877
1.9511	10.0462
1.9511	10.0462
1.9511	10.0462
1.9511	10.0462
1.9511	10.0047
1.9511	10.0047
1.9096	10.0047
1.9096	10.0047
1.9096	9.9632
1.9096	9.9632
1.9096	9.9632
1.9096	9.9632
1.9096	9.9217
1.9096	9.9217
1.9096	9.9217
1.9096	9.9217
1.9096	9.8802
1.9096	9.8802
1.9096	9.8802
1.9096	9.8802
1.9096	9.8387
1.9096	9.8387
1.9096	9.8387
1.9096	9.8387
1.9096	9.8387
1.9096	9.7971
1.9096	9.7971
1.9096	9.7971
1.9096	9.7971
1.9096	9.7556
1.9096	9.7556
1.9096	9.7556
1.9096	9.7556
1.9096	9.7141
1.9096	9.7141
1.9096	9.7141
1.9096	9.7141
1.9096	9.6726
1.9096	9.6726
1.9096	9.6726
1.9096	9.6726
1.9096	9.6311
1.9096	9.6311
1.9096	9.6311
1.9096	9.6311
1.8681	9.5896
1.8681	9.5896
1.8681	9.5896
1.8681	9.5896
1.8681	9.5481
1.8681	9.5481
1.8681	9.5481
1.8681	9.5481
1.8681	9.5065
1.8681	9.5065
1.8681	9.5065
1.8681	9.5065
1.8681	9.5065
1.8681	9.4650
1.8681	9.4650
1.8681	9.4650
1.8681	9.4650
1.8681	9.4235
1.8681	9.4235
1.8681	9.4235
1.8681	9.4235
1.8681	9.3820
1.8681	9.3820
1.8681	9.3820
1.8681	9.3820
1.8681	9.3405
1.8681	9.3405
1.8681	9.3405
1.8681	9.3405
1.8681	9.2990
1.8681	9.2990
1.8681	9.2990
1.8681	9.2990
1.8681	9.2575
1.8681	9.2575
1.8681	9.2575
1.8681	9.2575
1.8681	9.2160
1.8681	9.2160
1.8681	9.2160
1.8681	9.2160
1.8681	9.2160
1.8681	9.1744
1.8681	9.1744
1.8681	9.1744
1.8681	9.1744
1.8681	9.1329
1.8681	9.1329
1.8681	9.1329
1.8681	9.1329
1.8681	9.0914
1.8681	9.0914
1.8681	9.0914
1.8681	9.0914
1.8681	9.0499
1.8681	9.0499
1.8681	9.0499
1.8681	9.0499
1.8681	9.0084
1.8681	9.0084
1.8681	9.0084
1.8681	9.0084
1.8681	8.9669
1.8681	8.9669
1.8681	8.9669
1.8681	8.9669
1.8681	8.9254
1.8681	8.9254
1.8681	8.9254
1.8681	8.9254
1.8681	8.8838
1.8681	8.8838
1.8681	8.8838
1.8681	8.8838
1.8681	8.8838
1.8681	8.8423
1.8681	8.8423
1.8681	8.8423
1.8681	8.8423
1.8681	8.8008
1.8681	8.8008
1.8681	8.8008
1.8681	8.8008
1.8681	8.7593
1.8681	8.7593
1.8681	8.7593
1.8681	8.7593
1.8681	8.7178
1.8681	8.7178
1.8681	8.7178
1.8681	8.7178
1.8681	8.6763
1.8681	8.6763
1.9096	8.6763
1.9096	8.6763
1.9096	8.6348
1.9096	8.6348
1.9096	8.6348
1.9096	8.6348
1.9096	8.6348
1.9096	8.5933
1.9096	8.5933
1.9096	8.5933
1.9096	8.5933
1.9096	8.5517
1.9096	8.5517
1.9096	8.5517
1.9096	8.5517
1.9096	8.5102
1.9096	8.5102
1.9096	8.5102
1.9096	8.5102
1.9096	8.4687
1.9096	8.4687
1.9096	8.4687
1.9096	8.4687
1.9096	8.4272
1.9096	8.4272
1.9096	8.4272
1.9096	8.4272
1.9096	8.3857
1.9096	8.3857
1.9096	8.3857
1.9096	8.3857
1.9096	8.3857
1.9096	8.3442
1.9096	8.3442
1.9096	8.3442
1.9096	8.3442
1.9096	8.3027
1.9096	8.3027
1.9096	8.3027
1.9511	8.3027
1.9511	8.2611
1.9511	8.2611
1.9511	8.2611
1.9511	8.2611
1.9511	8.2196
1.9511	8.2196
1.9511	8.2196
1.9511	8.2196
1.9511	8.1781
1.9511	8.1781
1.9511	8.1781
1.9511	8.1781
1.9511	8.1781
1.9511	8.1366
1.9511	8.1366
1.9511	8.1366
1.9511	8.1366
1.9511	8.0951
1.9511	8.0951
1.9511	8.0951
1.9511	8.0951
1.9511	8.0536
1.9511	8.0536
1.9511	8.0536
1.9511	8.0536
1.9926	8.0121
1.9926	8.0121
1.9926	8.0121
1.9926	8.0121
1.9926	8.0121
1.9926	7.9706
1.9926	7.9706
1.9926	7.9706
1.9926	7.9706
1.9926	7.9290
1.9926	7.9290
1.9926	7.9290
1.9926	7.9290
1.9926	7.8875
1.9926	7.8875
1.9926	7.8875
1.9926	7.8875
1.9926	7.8460
1.9926	7.8460
1.9926	7.8460
1.9926	7.8460
2.0342	7.8460
2.0342	7.8045
2.0342	7.8045
2.0342	7.8045
2.0342	7.8045
2.0342	7.7630
2.0342	7.7630
2.0342	7.7630
2.0342	7.7630
2.0342	7.7215
2.0342	7.7215
2.0342	7.7215
2.0342	7.7215
2.0342	7.7215
2.0342	7.6800
2.0342	7.6800
2.0342	7.6800
2.0342	7.6800
2.0342	7.6384
2.0757	7.6384
2.0757	7.6384
2.0757	7.6384
2.0757	7.5969
2.0757	7.5969
2.0757	7.5969
2.0757	7.5969
2.0757	7.5969
2.0757	7.5554
2.0757	7.5554
2.0757	7.5554
2.0757	7.5554
2.0757	7.5139
2.0757	7.5139
2.0757	7.5139
2.0757	7.5139
2.1172	7.4724
2.1172	7.4724
2.1172	7.4724
2.1172	7.4724
2.1172	7.4724
2.1172	7.4309
2.1172	7.4309
2.1172	7.4309
2.1172	7.4309
2.1172	7.3894
2.1172	7.3894
2.1172	7.3894
2.1172	7.3894
2.1172	7.3894
2.1172	7.3479
2.1587	7.3479
2.1587	7.3479
2.1587	7.3479
2.1587	7.3063
2.1587	7.3063
2.1587	7.3063
2.1587	7.3063
2.1587	7.2648
2.1587	7.2648
2.1587	7.2648
2.1587	7.2648
2.1587	7.2648
2.1587	7.2233
2.1587	7.2233
2.2002	7.2233
2.2002	7.2233
2.2002	7.1818
2.2002	7.1818
2.2002	7.1818
2.2002	7.1818
2.2002	7.1818
2.2002	7.1403
2.2002	7.1403
2.2002	7.1403
2.2002	7.1403
2.2002	7.0988
2.2002	7.0988
2.2417	7.0988
2.2417	7.0988
2.2417	7.0988
2.2417	7.0573
2.2417	7.0573
2.2417	7.0573
2.2417	7.0573
2.2417	7.0157
2.2417	7.0157
2.2417	7.0157
2.2417	7.0157
2.2417	7.0157
2.2832	6.9742
2.2832	6.9742
2.2832	6.9742
2.2832	6.9742
2.2832	6.9327
2.2832	6.9327
2.2832	6.9327
2.2832	6.9327
2.2832	6.9327
2.2832	6.8912
2.2832	6.8912
2.2832	6.8912
2.3247	6.8912
2.3247	6.8912
2.3247	6.8497
2.3247	6.8497
2.3247	6.8497
2.3247	6.8497
2.3247	6.8082
2.3247	6.8082
2.3247	6.8082
2.3247	6.8082
2.3247	6.8082
2.3663	6.7667
2.3663	6.7667
2.3663	6.7667
2.3663	6.7667
2.3663	6.7252
2.3663	6.7252
2.3663	6.7252
2.3663	6.7252
2.3663	6.7252
2.3663	6.6836
2.3663	6.6836
2.4078	6.6836
2.4078	6.6836
2.4078	6.6836
2.4078	6.6421
2.4078	6.6421
2.4078	6.6421
2.4078	6.6421
2.4078	6.6006
2.4078	6.6006
2.4078	6.6006
2.4493	6.6006
2.4493	6.6006
2.4493	6.5591
2.4493	6.5591
2.4493	6.5591
2.4493	6.5591
2.4493	6.5591
2.4493	6.5176
2.4493	6.5176
2.4493	6.5176
2.4908	6.5176
2.4908	6.5176
2.4908	6.4761
2.4908	6.4761
2.4908	6.4761
2.4908	6.4761
2.4908	6.4761
2.4908	6.4346
2.4908	6.4346
2.5323	6.4346
2.5323	6.4346
2.5323	6.3930
2.5323	6.3930
2.5323	6.3930
2.5323	6.3930
2.5323	6.3930
2.5323	6.3515
2.5323	6.3515
2.5323	6.3515
2.5738	6.3515
2.5738	6.3515
2.5738	6.3100
2.5738	6.3100
2.5738	6.3100
2.5738	6.3100
2.5738	6.3100
2.5738	6.2685
2.5738	6.2685
2.6153	6.2685
2.6153	6.2685
2.6153	6.2685
2.6153	6.2270
2.6153	6.2270
2.6153	6.2270
2.6153	6.2270
2.6153	6.2270
2.6569	6.1855
2.6569	6.1855
2.6569	6.1855
2.6569	6.1855
2.6569	6.1855
2.6569	6.1440
2.6569	6.1440
2.6569	6.1440
2.6569	6.1440
2.6984	6.1440
2.6984	6.1025
2.6984	6.1025
2.6984	6.1025
2.6984	6.1025
2.6984	6.1025
2.6984	6.0609
2.6984	6.0609
2.7399	6.0609
2.7399	6.0609
2.7399	6.0609
2.7399	6.0194
2.7399	6.0194
2.7399	6.0194
2.7399	6.0194
2.7399	6.0194
2.7399	5.9779
2.7814	5.9779
2.7814	5.9779
2.7814	5.9779
2.7814	5.9779
2.7814	5.9364
2.7814	5.9364
2.7814	5.9364
2.7814	5.9364
2.8229	5.9364
2.8229	5.9364
2.8229	5.8949
2.8229	5.8949
2.8229	5.8949
2.8229	5.8949
2.8229	5.8949
2.8229	5.8534
2.8644	5.8534
2.8644	5.8534
2.8644	5.8534
2.8644	5.8534
2.8644	5.8119
2.8644	5.8119
2.8644	5.8119
2.9059	5.8119
2.9059	5.8119
2.9059	5.7703
2.9059	5.7703
2.9059	5.7703
2.9059	5.7703
2.9059	5.7703
2.9059	5.7703
2.9474	5.7288
2.9474	5.7288
2.9474	5.7288
2.9474	5.7288
2.9474	5.7288
2.9474	5.6873
2.9474	5.6873
2.9890	5.6873
2.9890	5.6873
2.9890	5.6873
2.9890	5.6873
2.9890	5.6458
2.9890	5.6458
2.9890	5.6458
2.9890	5.6458
3.0305	5.6458
3.0305	5.6043
3.0305	5.6043
3.0305	5.6043
3.0305	5.6043
3.0305	5.6043
3.0305	5.6043
3.0720	5.5628
3.0720	5.5628
3.0720	5.5628
3.0720	5.5628
3.0720	5.5628
3.0720	5.5213
3.0720	5.5213
3.1135	5.5213
3.1135	5.5213
3.1135	5.5213
3.1135	5.5213
3.1135	5.4798
3.1135	5.4798
3.1135	5.4798
3.1550	5.4798
3.1550	5.4798
3.1550	5.4382
3.1550	5.4382
3.1550	5.4382
3.1550	5.4382
3.1550	5.4382
3.1965	5.4382
3.1965	5.3967
3.1965	5.3967
3.1965	5.3967
3.1965	5.3967
3.1965	5.3967
3.1965	5.3967
3.2380	5.3552
3.2380	5.3552
3.2380	5.3552
3.2380	5.3552
3.2380	5.3552
3.2380	5.3552
3.2796	5.3137
3.2796	5.3137
3.2796	5.3137
3.2796	5.3137
3.2796	5.3137
3.2796	5.2722
3.2796	5.2722
3.3211	5.2722
3.3211	5.2722
3.3211	5.2722
3.3211	5.2722
3.3211	5.2307
3.3211	5.2307
3.3626	5.2307
3.3626	5.2307
3.3626	5.2307
3.3626	5.2307
3.3626	5.1892
3.3626	5.1892
3.3626	5.1892
3.4041	5.1892
3.4041	5.1892
3.4041	5.1892
3.4041	5.1476
3.4041	5.1476
3.4041	5.1476
3.4456	5.1476
3.4456	5.1476
3.4456	5.1476
3.4456	5.1061
3.4456	5.1061
3.4456	5.1061
3.4456	5.1061
3.4871	5.1061
3.4871	5.1061
3.4871	5.0646
3.4871	5.0646
3.4871	5.0646
3.4871	5.0646
3.5286	5.0646
3.5286	5.0646
3.5286	5.0231
3.5286	5.0231
3.5286	5.0231
3.5286	5.0231
3.5701	5.0231
3.5701	5.0231
3.5701	5.0231
3.5701	4.9816
3.5701	4.9816
3.5701	4.9816
3.6117	4.9816
3.6117	4.9816
3.6117	4.9816
3.6117	4.9401
3.6117	4.9401
3.6117	4.9401
3.6532	4.9401
3.6532	4.9401
3.6532	4.9401
3.6532	4.8986
3.6532	4.8986
3.6532	4.8986
3.6947	4.8986
3.6947	4.8986
3.6947	4.8986
3.6947	4.8986
3.6947	4.8571
3.6947	4.8571
3.7362	4.8571
3.7362	4.8571
3.7362	4.8571
3.7362	4.8571
3.7362	4.8155
3.7362	4.8155
3.7777	4.8155
3.7777	4.8155
3.7777	4.8155
3.7777	4.8155
3.7777	4.8155
3.7777	4.7740
3.8192	4.7740
3.8192	4.7740
3.8192	4.7740
3.8192	4.7740
3.8192	4.7740
3.8607	4.7325
3.8607	4.7325
3.8607	4.7325
3.8607	4.7325
3.8607	4.7325
3.8607	4.7325
3.9022	4.7325
3.9022	4.6910
3.9022	4.6910
3.9022	4.6910
3.9022	4.6910
3.9022	4.6910
3.9438	4.6910
3.9438	4.6910
3.9438	4.6495
3.9438	4.6495
3.9438	4.6495
3.9853	4.6495
3.9853	4.6495
3.9853	4.6495
3.9853	4.6495
3.9853	4.6080
3.9853	4.6080
4.0268	4.6080
4.0268	4.6080
4.0268	4.6080
4.0268	4.6080
4.0268	4.6080
4.0683	4.5665
4.0683	4.5665
4.0683	4.5665
4.0683	4.5665
4.0683	4.5665
4.0683	4.5665
4.1098	4.5665
4.1098	4.5249
4.1098	4.5249
4.1098	4.5249
4.1098	4.5249
4.1513	4.5249
4.1513	4.5249
4.1513	4.5249
4.1513	4.4834
4.1513	4.4834
4.1513	4.4834
4.1928	4.4834
4.1928	4.4834
4.1928	4.4834
4.1928	4.4834
4.1928	4.4419
4.2344	4.4419
4.2344	4.4419
4.2344	4.4419
4.2344	4.4419
4.2344	4.4419
4.2344	4.4419
4.2759	4.4419
4.2759	4.4004
4.2759	4.4004
4.2759	4.4004
4.2759	4.4004
4.3174	4.4004
4.3174	4.4004
4.3174	4.4004
4.3174	4.3589
4.3174	4.3589
4.3589	4.3589
4.3589	4.3589
4.3589	4.3589
4.3589	4.3589
4.3589	4.3589
4.4004	4.3589
4.4004	4.3174
4.4004	4.3174
4.4004	4.3174
4.4004	4.3174
4.4004	4.3174
4.4419	4.3174
4.4419	4.3174
4.4419	4.3174
4.4419	4.2759
4.4419	4.2759
4.4834	4.2759
4.4834	4.2759
4.4834	4.2759
4.4834	4.2759
4.4834	4.2759
4.5249	4.2759
4.5249	4.2344
4.5249	4.2344
4.5249	4.2344
4.5249	4.2344
4.5665	4.2344
4.5665	4.2344
4.5665	4.2344
4.5665	4.2344
4.5665	4.1928
4.6080	4.1928
4.6080	4.1928
4.6080	4.1928
4.6080	4.1928
4.6080	4.1928
4.6495	4.1928
4.6495	4.1928
4.6495	4.1928
4.6495	4.1513
4.6495	4.1513
4.6910	4.1513
4.6910	4.1513
4.6910	4.1513
4.6910	4.1513
4.6910	4.1513
4.7325	4.1513
4.7325	4.1098
4.7325	4.1098
4.7325	4.1098
4.7325	4.1098
4.7325	4.1098
4.7740	4.1098
4.7740	4.1098
4.7740	4.1098
4.7740	4.1098
4.8155	4.0683
4.8155	4.0683
4.8155	4.0683
4.8155	4.0683
4.8155	4.0683
4.8571	4.0683
4.8571	4.0683
4.8571	4.0683
4.8571	4.0683
4.8571	4.0268
4.8986	4.0268
4.8986	4.0268
4.8986	4.0268
4.8986	4.0268
4.8986	4.0268
4.9401	4.0268
4.9401	4.0268
4.9401	4.0268
4.9401	3.9853
4.9401	3.9853
4.9816	3.9853
4.9816	3.9853
4.9816	3.9853
4.9816	3.9853
4.9816	3.9853
5.0231	3.9853
5.0231	3.9853
5.0231	3.9853
5.0231	3.9438
5.0231	3.9438
5.0646	3.9438
5.0646	3.9438
5.0646	3.9438
5.0646	3.9438
5.0646	3.9438
5.1061	3.9438
5.1061	3.9438
5.1061	3.9438
5.1061	3.9022
5.1061	3.9022
5.1476	3.9022
5.1476	3.9022
5.1476	3.9022
5.1476	3.9022
5.1892	3.9022
5.1892	3.9022
5.1892	3.9022
5.1892	3.9022
5.1892	3.8607
5.2307	3.8607
5.2307	3.8607
5.2307	3.8607
5.2307	3.8607
5.2307	3.8607
5.2722	3.8607
5.2722	3.8607
5.2722	3.8607
5.2722	3.8607
5.2722	3.8607
5.3137	3.8192
5.3137	3.8192
5.3137	3.8192
5.3137	3.8192
5.3137	3.8192
5.3552	3.8192
5.3552	3.8192
5.3552	3.8192
5.3552	3.8192
5.3967	3.8192
5.3967	3.8192
5.3967	3.7777
5.3967	3.7777
5.3967	3.7777
5.4382	3.7777
5.4382	3.7777
5.4382	3.7777
5.4382	3.7777
5.4382	3.7777
5.4798	3.7777
5.4798	3.7777
5.4798	3.7777
5.4798	3.7777
5.5213	3.7362
5.5213	3.7362
5.5213	3.7362
5.5213	3.7362
5.5213	3.7362
5.5628	3.7362
5.5628	3.7362
5.5628	3.7362
5.5628	3.7362
5.5628	3.7362
5.6043	3.7362
5.6043	3.7362
5.6043	3.6947
5.6043	3.6947
5.6458	3.6947
5.6458	3.6947
5.6458	3.6947
5.6458	3.6947
5.6458	3.6947
5.6873	3.6947
5.6873	3.6947
5.6873	3.6947
5.6873	3.6947
5.6873	3.6947
5.7288	3.6947
5.7288	3.6947
5.7288	3.6532
5.7288	3.6532
5.7703	3.6532
5.7703	3.6532
5.7703	3.6532
5.7703	3.6532
5.7703	3.6532
5.8119	3.6532
5.8119	3.6532
5.8119	3.6532
5.8119	3.6532
5.8119	3.6532
5.8534	3.6532
5.8534	3.6532
5.8534	3.6117
5.8534	3.6117
5.8949	3.6117
5.8949	3.6117
5.8949	3.6117
5.8949	3.6117
5.8949	3.6117
5.9364	3.6117
5.9364	3.6117
5.9364	3.6117
5.9364	3.6117
5.9779	3.6117
5.9779	3.6117
5.9779	3.6117
5.9779	3.6117
5.9779	3.5701
6.0194	3.5701
6.0194	3.5701
6.0194	3.5701
6.0194	3.5701
6.0609	3.5701
6.0609	3.5701
6.0609	3.5701
6.0609	3.5701
6.0609	3.5701
6.1025	3.5701
6.1025	3.5701
6.1025	3.5701
6.1025	3.5701
6.1025	3.5701
6.1440	3.5701
6.1440	3.5701
6.1440	3.5286
6.1440	3.5286
6.1855	3.5286
6.1855	3.5286
6.1855	3.5286
6.1855	3.5286
6.1855	3.5286
6.2270	3.5286
6.2270	3.5286
6.2270	3.5286
6.2270	3.5286
6.2685	3.5286
6.2685	3.5286
6.2685	3.5286
6.2685	3.5286
6.2685	3.5286
6.3100	3.5286
6.3100	3.5286
6.3100	3.5286
6.3100	3.4871
6.3515	3.4871
6.3515	3.4871
6.3515	3.4871
6.3515	3.4871
6.3515	3.4871
6.3930	3.4871
6.3930	3.4871
6.3930	3.4871
6.3930	3.4871
6.4346	3.4871
6.4346	3.4871
6.4346	3.4871
6.4346	3.4871
6.4346	3.4871
6.4761	3.4871
6.4761	3.4871
6.4761	3.4871
6.4761	3.4871
6.5176	3.4871
6.5176	3.4871
6.5176	3.4871
6.5176	3.4456
6.5176	3.4456
6.5591	3.4456
6.5591	3.4456
6.5591	3.4456
6.5591	3.4456
6.6006	3.4456
6.6006	3.4456
6.6006	3.4456
6.6006	3.4456
6.6006	3.4456
6.6421	3.4456
6.6421	3.4456
6.6421	3.4456
6.6421	3.4456
6.6836	3.4456
6.6836	3.4456
6.6836	3.4456
6.6836	3.4456
6.6836	3.4456
6.7252	3.4456
6.7252	3.4456
6.7252	3.4456
6.7252	3.4456
6.7667	3.4456
6.7667	3.4456
6.7667	3.4456
6.7667	3.4456
6.8082	3.4456
6.8082	3.4041
6.8082	3.4041
6.8082	3.4041
6.8082	3.4041
6.8497	3.4041
6.8497	3.4041
6.8497	3.4041
6.8497	3.4041
6.8912	3.4041
6.8912	3.4041
6.8912	3.4041
6.8912	3.4041
6.8912	3.4041
6.9327	3.4041
6.9327	3.4041
6.9327	3.4041
6.9327	3.4041
6.9742	3.4041
6.9742	3.4041
6.9742	3.4041
6.9742	3.4041
6.9742	3.4041
7.0157	3.4041
7.0157	3.4041
7.0157	3.4041
7.0157	3.4041
7.0573	3.4041
7.0573	3.4041
7.0573	3.4041
7.0573	3.4041
7.0573	3.4041
7.0988	3.4041
7.0988	3.4041
7.0988	3.4041
7.0988	3.4041
7.1403	3.4041
7.1403	3.4041
7.1403	3.4041
7.1403	3.4041
7.1818	3.4041
7.1818	3.4041
7.1818	3.4041
7.1818	3.4041
7.2233	3.4041
7.2233	3.3626
7.2233	3.3626
7.2233	3.3626
7.2233	3.3626
7.2648	3.3626
7.2648	3.3626
7.2648	3.3626
7.2648	3.3626
7.3063	3.3626
7.3063	3.3626
7.3063	3.3626
7.3063	3.3626
7.3479	3.3626
7.3479	3.3626
7.3479	3.3626
7.3479	3.3626
7.3894	3.3626
7.3894	3.3626
7.3894	3.3626
7.3894	3.3626
7.4309	3.3626
7.4309	3.3626
7.4309	3.3626
7.4309	3.3626
7.4724	3.3626
7.4724	3.3626
7.4724	3.3626
7.4724	3.3626
7.5139	3.3626
7.5139	3.3626
7.5139	3.3626
7.5139	3.3626
7.5554	3.3626
7.5554	3.3626
7.5554	3.3626
7.5554	3.3626
7.5969	3.3626
7.5969	3.3626
7.5969	3.3626
7.5969	3.3626
7.6384	3.3626
7.6384	3.3626
7.6384	3.3626
7.6384	3.3626
7.6800	3.3626
7.6800	3.3626
7.6800	3.3626
7.6800	3.3626
7.7215	3.3626
7.7215	3.3626
7.7215	3.3626
7.7215	3.3626
7.7630	3.3626
7.7630	3.3626
7.7630	3.3626
7.7630	3.3626
7.8045	3.3626
7.8045	3.3626
7.8045	3.3626
7.8045	3.3211
7.8460	3.3211
7.8460	3.3211
7.8460	3.3211
7.8460	3.3211
7.8875	3.3211
7.8875	3.3211
7.8875	3.3211
7.9290	3.3211
7.9290	3.3211
7.9290	3.3211
7.9290	3.3211
7.9706	3.3211
7.9706	3.3211
7.9706	3.3211
7.9706	3.3211
8.0121	3.3211
8.0121	3.3211
8.0121	3.3211
8.0121	3.3211
8.0536	3.3211
8.0536	3.3211
8.0536	3.3211
8.0951	3.3211
8.0951	3.3211
8.0951	3.3211
8.0951	3.3211
8.1366	3.3211
8.1366	3.3211
8.1366	3.3211
8.1366	3.3211
8.1781	3.3211
8.1781	3.3211
8.1781	3.3211
8.2196	3.3211
8.2196	3.3211
8.2196	3.3211
8.2196	3.3211
8.2611	3.3211
8.2611	3.3211
8.2611	3.3211
8.2611	3.3211
8.3027	3.3211
8.3027	3.3211
8.3027	3.3211
8.3442	3.3211
8.3442	3.3211
8.3442	3.3211
8.3442	3.3211
8.3857	3.3211
8.3857	3.3211
8.3857	3.3211
8.3857	3.3211
8.4272	3.3211
8.4272	3.3211
8.4272	3.3211
8.4687	3.3211
8.4687	3.3211
8.4687	3.3211
8.4687	3.3211
8.5102	3.3211
8.5102	3.3211
8.5102	3.3211
8.5517	3.3211
8.5517	3.3211
8.5517	3.3211
8.5517	3.3211
8.5933	3.3211
8.5933	3.3211
8.5933	3.3211
8.6348	3.3211
8.6348	3.3211
8.6348	3.3211
8.6348	3.3211
8.6763	3.3211
8.6763	3.3211
8.6763	3.3211
8.7178	3.3211
8.7178	3.3211
8.7178	3.3211
8.7178	3.3211
8.7593	3.3211
8.7593	3.3211
8.7593	3.3211
8.8008	3.3211
8.8008	3.3211
8.8008	3.3211
8.8423	3.3211
8.8423	3.3211
8.8423	3.3211
8.8423	3.3211
8.8838	3.3211
8.8838	3.3211
8.8838	3.3211
8.9254	3.3211
8.9254	3.3211
8.9254	3.3211
8.9254	3.2796
8.9669	3.2796
8.9669	3.2796
8.9669	3.2796
9.0084	3.2796
9.0084	3.2796
9.0084	3.2796
9.0499	3.2796
9.0499	3.2796
9.0499	3.2796
9.0499	3.2796
9.0914	3.2796
9.0914	3.2796
9.0914	3.2796
9.1329	3.2796
9.1329	3.2796
9.1329	3.2796
9.1329	3.2796
9.1744	3.2796
9.1744	3.2796
9.1744	3.2796
9.2160	3.2796
9.2160	3.2796
9.2160	3.2796
9.2575	3.2796
9.2575	3.2796
9.2575	3.2796
9.2990	3.2796
9.2990	3.2796
9.2990	3.2796
9.2990	3.2796
9.3405	3.2796
9.3405	3.2796
9.3405	3.2796
9.3820	3.2796
9.3820	3.2796
9.3820	3.2796
9.4235	3.2796
9.4235	3.2796
9.4235	3.2796
9.4235	3.2796
9.4650	3.2796
9.4650	3.2796
9.4650	3.2796
9.5065	3.2796
9.5065	3.2796
9.5065	3.2796
9.5481	3.2796
9.5481	3.2796
9.5481	3.2796
9.5896	3.2796
9.5896	3.2796
9.5896	3.2796
9.5896	3.2796
9.6311	3.2796
9.6311	3.2796
9.6311	3.2796
9.6726	3.2796
9.6726	3.2796
9.6726	3.2796
9.7141	3.2796
9.7141	3.2796
9.7141	3.2796
9.7556	3.2796
9.7556	3.2796
9.7556	3.2796
9.7971	3.2796
9.7971	3.2796
9.7971	3.2796
9.7971	3.2796
9.8387	3.2796
9.8387	3.2796
9.8387	3.2796
9.8802	3.2796
9.8802	3.2796
9.8802	3.2796
9.9217	3.2796
9.9217	3.2796
9.9217	3.2796
9.9632	3.2796
9.9632	3.2796
9.9632	3.2796
10.0047	3.2796
10.0047	3.2796
10.0047	3.2796
10.0462	3.2796
10.0462	3.2796
10.0462	3.2796
10.0462	3.2796
10.0877	3.2796
10.0877	3.2796
10.0877	3.2796
10.1292	3.2796
10.1292	3.2796
10.1292	3.2796
10.1708	3.2796
10.1708	3.2796
10.1708	3.2796
10.2123	3.2796
10.2123	3.2796
10.2123	3.2796
10.2538	3.2796
10.2538	3.2796
10.2538	3.2796
10.2953	3.2796
10.2953	3.2796
10.2953	3.2796
10.3368	3.2796
10.3368	3.2796
10.3368	3.2796
10.3783	3.2796
10.3783	3.2796
10.3783	3.2796
10.3783	3.2796
10.4198	3.2796
10.4198	3.2796
10.4198	3.2796
10.4613	3.2796
10.4613	3.2796
10.4613	3.2796
10.5029	3.2796
10.5029	3.2796
10.5029	3.2796
10.5444	3.2796
10.5444	3.2796
10.5444	3.2796
10.5859	3.2796
10.5859	3.3211
10.5859	3.3211
10.6274	3.3211
10.6274	3.3211
10.6274	3.3211
10.6689	3.3211
10.6689	3.3211
10.6689	3.3211
10.7104	3.3211
10.7104	3.3211
10.7104	3.3211
10.7519	3.3211
10.7519	3.3211
10.7519	3.3211
10.7935	3.3211
10.7935	3.3211
10.7935	3.3211
10.8350	3.3211
10.8350	3.3211
10.8350	3.3211
10.8765	3.3211
10.8765	3.3211
10.8765	3.3211
10.9180	3.3211
10.9180	3.3211
10.9180	3.3211
10.9595	3.3211
10.9595	3.3211
10.9595	3.3211
11.0010	3.3211
11.0010	3.3211
11.0010	3.3211
11.0425	3.3211
11.0425	3.3211
11.0425	3.3211
11.0840	3.3211
11.0840	3.3211
11.0840	3.3211
11.1256	3.3211
11.1256	3.3211
11.1256	3.3211
11.1671	3.3211
11.1671	3.3211
11.1671	3.3211
11.2086	3.3211
11.2086	3.3211
11.2086	3.3211
11.2501	3.3211
11.2501	3.3211
11.2501	3.3211
11.2916	3.3211
11.2916	3.3211
11.2916	3.3211
11.3331	3.3211
11.3331	3.3211
11.3331	3.3211
11.3746	3.3211
11.3746	3.3211
11.3746	3.3211
11.4162	3.3211
11.4162	3.3211
11.4162	3.3211
11.4577	3.3211
11.4577	3.3211
11.4577	3.3211
11.4992	3.3211
11.4992	3.3211
11.4992	3.3211
11.5407	3.3211
11.5407	3.3211
11.5407	3.3211
11.5822	3.3211
11.5822	3.3211
11.5822	3.3211
11.6237	3.3211
11.6237	3.3211
11.6237	3.3211
11.6652	3.3211
11.6652	3.3211
11.6652	3.3211
11.7067	3.3211
11.7067	3.3211
11.7067	3.3211
11.7483	3.3211
11.7483	3.3211
11.7483	3.3211
11.7898	3.3211
11.7898	3.3211
11.7898	3.3211
11.8313	3.3211
11.8313	3.3211
11.8313	3.3211
11.8728	3.3211
11.8728	3.3211
11.8728	3.3211
11.9143	3.3211
11.9143	3.3211
11.9143	3.3211
11.9558	3.3626
11.9558	3.3626
11.9558	3.3626
11.9973	3.3626
11.9973	3.3626
11.9973	3.3626
12.0389	3.3626
12.0389	3.3626
12.0389	3.3626
12.0804	3.3626
12.0804	3.3626
12.0804	3.3626
12.1219	3.3626
12.1219	3.3626
12.1219	3.3626
12.1634	3.3626
12.1634	3.3626
12.1634	3.3626
12.2049	3.3626
12.2049	3.3626
12.2049	3.3626
12.2464	3.3626
12.2464	3.3626
12.2879	3.3626
12.2879	3.3626
12.2879	3.3626
12.3294	3.3626
12.3294	3.3626
12.3294	3.3626
12.3710	3.3626
12.3710	3.3626
12.3710	3.3626
12.4125	3.3626
12.4125	3.3626
12.4125	3.3626
12.4540	3.3626
12.4540	3.3626
12.4540	3.3626
12.4955	3.3626
12.4955	3.3626
12.4955	3.3626
12.5370	3.3626
12.5370	3.3626
12.5370	3.3626
12.5785	3.3626
12.5785	3.3626
12.5785	3.3626
12.6200	3.3626
12.6200	3.3626
12.6200	3.3626
12.6616	3.3626
12.6616	3.3626
12.6616	3.3626
12.7031	3.3626
12.7031	3.3626
12.7031	3.3626
12.7446	3.3626
12.7446	3.3626
12.7446	3.4041
12.7861	3.4041
12.7861	3.4041
12.7861	3.4041
12.8276	3.4041
12.8276	3.4041
12.8276	3.4041
12.8691	3.4041
12.8691	3.4041
12.9106	3.4041
12.9106	3.4041
12.9106	3.4041
12.9521	3.4041
12.9521	3.4041
12.9521	3.4041
12.9937	3.4041
12.9937	3.4041
12.9937	3.4041
13.0352	3.4041
13.0352	3.4041
13.0352	3.4041
13.0767	3.4041
13.0767	3.4041
13.0767	3.4041
13.1182	3.4041
13.1182	3.4041
13.1182	3.4041
13.1597	3.4041
13.1597	3.4041
13.1597	3.4041
13.2012	3.4041
13.2012	3.4041
13.2012	3.4041
13.2427	3.4041
13.2427	3.4041
13.2427	3.4041
13.2843	3.4041
13.2843	3.4041
13.2843	3.4041
13.3258	3.4041
13.3258	3.4041
13.3258	3.4041
13.3673	3.4041
13.3673	3.4041
13.3673	3.4041
13.4088	3.4456
13.4088	3.4456
13.4088	3.4456
13.4503	3.4456
13.4503	3.4456
13.4503	3.4456
13.4918	3.4456
13.4918	3.4456
13.4918	3.4456
13.5333	3.4456
13.5333	3.4456
13.5333	3.4456
13.5748	3.4456
13.5748	3.4456
13.5748	3.4456
13.6164	3.4456
13.6164	3.4456
13.6164	3.4456
13.6579	3.4456
13.6579	3.4456
13.6579	3.4456
13.6994	3.4456
13.6994	3.4456
13.6994	3.4456
13.7409	3.4456
13.7409	3.4871
13.7409	3.4871
13.7824	3.4871
13.7824	3.4871
13.7824	3.4871
13.8239	3.4871
13.8239	3.4871
13.8239	3.4871
13.8654	3.4871
13.8654	3.4871
13.8654	3.4871
13.9070	3.4871
13.9070	3.4871
13.9070	3.4871
13.9485	3.4871
13.9485	3.4871
13.9485	3.4871
13.9900	3.4871
13.9900	3.5286
13.9900	3.5286
14.0315	3.5286
14.0315	3.5286
14.0315	3.5286
14.0730	3.5286
14.0730	3.5286
14.0730	3.5286
14.1145	3.5286
14.1145	3.5286
14.1145	3.5286
14.1145	3.5286
14.1560	3.5286
14.1560	3.5286
14.1560	3.5701
14.1975	3.5701
14.1975	3.5701
14.1975	3.5701
14.2391	3.5701
14.2391	3.5701
14.2391	3.5701
14.2806	3.5701
14.2806	3.5701
14.2806	3.5701
14.3221	3.5701
14.3221	3.5701
14.3221	3.5701
14.3636	3.6117
14.3636	3.6117
14.3636	3.6117
14.3636	3.6117
14.4051	3.6117
14.4051	3.6117
14.4051	3.6117
14.4466	3.6117
14.4466	3.6117
14.4466	3.6117
14.4881	3.6117
14.4881	3.6532
14.4881	3.6532
14.5297	3.6532
14.5297	3.6532
14.5297	3.6532
14.5297	3.6532
14.5712	3.6532
14.5712	3.6532
14.5712	3.6532
14.6127	3.6532
14.6127	3.6532
14.6127	3.6947
14.6542	3.6947
14.6542	3.6947
14.6542	3.6947
14.6542	3.6947
14.6957	3.6947
14.6957	3.6947
14.6957	3.6947
14.7372	3.6947
14.7372	3.7362
14.7372	3.7362
14.7787	3.7362
14.7787	3.7362
14.7787	3.7362
14.7787	3.7362
14.8202	3.7362
14.8202	3.7362
14.8202	3.7362
14.8618	3.7777
14.8618	3.7777
14.8618	3.7777
14.8618	3.7777
14.9033	3.7777
14.9033	3.7777
14.9033	3.7777
14.9448	3.7777
14.9448	3.7777
14.9448	3.8192
14.9863	3.8192
14.9863	3.8192
14.9863	3.8192
14.9863	3.8192
15.0278	3.8192
15.0278	3.8192
15.0278	3.8192
15.0693	3.8607
15.0693	3.8607
15.0693	3.8607
15.0693	3.8607
15.1108	3.8607
15.1108	3.8607
15.1108	3.8607
15.1524	3.8607
15.1524	3.9022
15.1524	3.9022
15.1524	3.9022
15.1939	3.9022
15.1939	3.9022
15.1939	3.9022
15.1939	3.9022
15.2354	3.9438
15.2354	3.9438
15.2354	3.9438
15.2769	3.9438
15.2769	3.9438
15.2769	3.9438
15.2769	3.9438
15.3184	3.9853
15.3184	3.9853
15.3184	3.9853
15.3599	3.9853
15.3599	3.9853
15.3599	3.9853
15.3599	3.9853
15.4014	4.0268
15.4014	4.0268
15.4014	4.0268
15.4014	4.0268
15.4429	4.0268
15.4429	4.0268
15.4429	4.0268
15.4845	4.0683
15.4845	4.0683
15.4845	4.0683
15.4845	4.0683
15.5260	4.0683
15.5260	4.0683
15.5260	4.1098
15.5260	4.1098
15.5675	4.1098
15.5675	4.1098
15.5675	4.1098
15.5675	4.1098
15.6090	4.1513
15.6090	4.1513
15.6090	4.1513
15.6090	4.1513
15.6505	4.1513
15.6505	4.1513
15.6505	4.1928
15.6920	4.1928
15.6920	4.1928
15.6920	4.1928
15.6920	4.1928
15.7335	4.1928
15.7335	4.2344
15.7335	4.2344
15.7335	4.2344
15.7751	4.2344
15.7751	4.2344
15.7751	4.2344
15.7751	4.2759
15.8166	4.2759
15.8166	4.2759
15.8166	4.2759
15.8166	4.2759
15.8581	4.2759
15.8581	4.3174
15.8581	4.3174
15.8581	4.3174
15.8996	4.3174
15.8996	4.3174
15.8996	4.3589
15.8996	4.3589
15.9411	4.3589
15.9411	4.3589
15.9411	4.3589
15.9411	4.3589
15.9826	4.4004
15.9826	4.4004
15.9826	4.4004
15.9826	4.4004
16.0241	4.4004
16.0241	4.4419
16.0241	4.4419
16.0241	4.4419
16.0656	4.4419
16.0656	4.4419
16.0656	4.4834
16.0656	4.4834
16.0656	4.4834
16.1072	4.4834
16.1072	4.4834
16.1072	4.5249
16.1072	4.5249
16.1487	4.5249
16.1487	4.5249
16.1487	4.5249
16.1487	4.5665
16.1902	4.5665
16.1902	4.5665
16.1902	4.5665
16.1902	4.5665
16.2317	4.6080
16.2317	4.6080
16.2317	4.6080
16.2317	4.6080
16.2317	4.6080
16.2732	4.6495
16.2732	4.6495
16.2732	4.6495
16.2732	4.6495
16.3147	4.6495
16.3147	4.6910
16.3147	4.6910
16.3147	4.6910
16.3147	4.6910
16.3562	4.6910
16.3562	4.7325
16.3562	4.7325
16.3562	4.7325
16.3978	4.7325
16.3978	4.7740
16.3978	4.7740
16.3978	4.7740
16.3978	4.7740
16.4393	4.7740
16.4393	4.8155
16.4393	4.8155
16.4393	4.8155
16.4808	4.8155
16.4808	4.8571
16.4808	4.8571
16.4808	4.8571
16.4808	4.8571
16.5223	4.8571
16.5223	4.8986
16.5223	4.8986
16.5223	4.8986
16.5223	4.8986
16.5638	4.9401
16.5638	4.9401
16.5638	4.9401
16.5638	4.9401
16.5638	4.9401
16.6053	4.9816
16.6053	4.9816
16.6053	4.9816
16.6053	4.9816
16.6468	5.0231
16.6468	5.0231
16.6468	5.0231
16.6468	5.0231
16.6468	5.0646
16.6883	5.0646
16.6883	5.0646
16.6883	5.0646
16.6883	5.1061
16.6883	5.1061
16.7299	5.1061
16.7299	5.1061
16.7299	5.1476
16.7299	5.1476
16.7299	5.1476
16.7714	5.1476
16.7714	5.1476
16.7714	5.1892
16.7714	5.1892
16.7714	5.1892
16.7714	5.1892
16.8129	5.2307
16.8129	5.2307
16.8129	5.2307
16.8129	5.2307
16.8129	5.2722
16.8544	5.2722
16.8544	5.2722
16.8544	5.2722
16.8544	5.3137
16.8544	5.3137
16.8959	5.3137
16.8959	5.3552
16.8959	5.3552
16.8959	5.3552
16.8959	5.3552
16.8959	5.3967
16.9374	5.3967
16.9374	5.3967
16.9374	5.3967
16.9374	5.4382
16.9374	5.4382
16.9789	5.4382
16.9789	5.4382
16.9789	5.4798
16.9789	5.4798
16.9789	5.4798
16.9789	5.4798
17.0204	5.5213
17.0204	5.5213
17.0204	5.5213
17.0204	5.5213
17.0204	5.5628
17.0204	5.5628
17.0620	5.5628
17.0620	5.6043
17.0620	5.6043
17.0620	5.6043
17.0620	5.6043
17.1035	5.6458
17.1035	5.6458
17.1035	5.6458
17.1035	5.6458
17.1035	5.6873
17.1035	5.6873
17.1450	5.6873
17.1450	5.7288
17.1450	5.7288
17.1450	5.7288
17.1450	5.7288
17.1450	5.7703
17.1450	5.7703
17.1865	5.7703
17.1865	5.7703
17.1865	5.8119
17.1865	5.8119
17.1865	5.8119
17.1865	5.8534
17.2280	5.8534
17.2280	5.8534
17.2280	5.8534
17.2280	5.8949
17.2280	5.8949
17.2280	5.8949
17.2695	5.9364
17.2695	5.9364
17.2695	5.9364
17.2695	5.9364
17.2695	5.9779
17.2695	5.9779
17.2695	5.9779
17.3110	6.0194
17.3110	6.0194
17.3110	6.0194
17.3110	6.0609
17.3110	6.0609
17.3110	6.0609
17.3110	6.0609
17.3526	6.1025
17.3526	6.1025
17.3526	6.1025
17.3526	6.1440
17.3526	6.1440
17.3526	6.1440
17.3526	6.1440
17.3941	6.1855
17.3941	6.1855
17.3941	6.1855
17.3941	6.2270
17.3941	6.2270
17.3941	6.2270
17.3941	6.2685
17.4356	6.2685
17.4356	6.2685
17.4356	6.2685
17.4356	6.3100
17.4356	6.3100
17.4356	6.3100
17.4356	6.3515
17.4356	6.3515
17.4771	6.3515
17.4771	6.3930
17.4771	6.3930
17.4771	6.3930
17.4771	6.4346
17.4771	6.4346
17.4771	6.4346
17.4771	6.4346
17.5186	6.4761
17.5186	6.4761
17.5186	6.4761
17.5186	6.5176
17.5186	6.5176
17.5186	6.5176
17.5186	6.5591
17.5186	6.5591
17.5601	6.5591
17.5601	6.6006
17.5601	6.6006
17.5601	6.6006
17.5601	6.6421
17.5601	6.6421
17.5601	6.6421
17.5601	6.6836
17.5601	6.6836
17.6016	6.6836
17.6016	6.6836
17.6016	6.7252
17.6016	6.7252
17.6016	6.7252
17.6016	6.7667
17.6016	6.7667
17.6016	6.7667
17.6016	6.8082
17.6431	6.8082
17.6431	6.8082
17.6431	6.8497
17.6431	6.8497
17.6431	6.8497
17.6431	6.8912
17.6431	6.8912
17.6431	6.8912
17.6431	6.9327
17.6847	6.9327
17.6847	6.9327
17.6847	6.9742
17.6847	6.9742
17.6847	6.9742
17.6847	7.0157
17.6847	7.0157
17.6847	7.0157
17.6847	7.0573
17.6847	7.0573
17.7262	7.0573
17.7262	7.0988
17.7262	7.0988
17.7262	7.0988
17.7262	7.1403
17.7262	7.1403
17.7262	7.1403
17.7262	7.1818
17.7262	7.1818
17.7262	7.1818
17.7262	7.2233
17.7262	7.2233
17.7677	7.2233
17.7677	7.2648
17.7677	7.2648
17.7677	7.2648
17.7677	7.3063
17.7677	7.3063
17.7677	7.3063
17.7677	7.3479
17.7677	7.3479
17.7677	7.3479
17.7677	7.3894
17.7677	7.3894
17.8092	7.4309
17.8092	7.4309
17.8092	7.4309
17.8092	7.4724
17.8092	7.4724
17.8092	7.4724
17.8092	7.5139
17.8092	7.5139
17.8092	7.5139
17.8092	7.5554
17.8092	7.5554
17.8092	7.5554
